0.00000 1.00000 0.45631 110.00000 
0.00000 1.05000 0.45631 0.19079 
0.00000 1.10000 0.45631 0.25872 
0.00000 1.15000 0.45631 0.21711 
0.00000 1.20000 0.45631 0.37424 
0.00000 1.25000 0.45631 0.37424 
0.00000 1.30000 0.45631 0.24478 
0.00000 1.35000 0.45631 0.25872 
0.00000 1.40000 0.45631 0.53144 
0.00000 1.45000 0.45631 0.25872 
0.00000 1.50000 0.45631 0.53144 
0.00000 1.55000 0.45631 0.25872 
0.00000 1.60000 0.45631 0.26354 
0.00000 1.65000 0.45631 0.22736 
0.00000 1.70000 0.45631 0.47135 
0.00000 1.75000 0.45631 0.47135 
0.00000 1.80000 0.45631 0.34124 
0.00000 1.85000 0.45631 0.25872 
0.00000 1.90000 0.45631 0.25634 
0.00000 1.95000 0.45631 0.21912 
0.00000 2.00000 0.45631 0.25872 
0.00000 2.05000 0.45631 0.32586 
0.00000 2.10000 0.45631 0.25872 
0.00000 2.15000 0.45631 0.24030 
0.00000 2.20000 0.45631 0.24253 
0.00000 2.25000 0.45631 0.25872 
0.00000 2.30000 0.45631 0.25634 
0.00000 2.35000 0.45631 0.23591 
0.00000 2.40000 0.45631 0.21711 
0.00000 2.45000 0.45631 0.24934 
0.00000 2.50000 0.45631 0.25872 
0.00000 2.55000 0.45631 0.28373 
0.00000 2.60000 0.45631 0.27854 
0.00000 2.65000 0.45631 0.25872 
0.00000 2.70000 0.45631 0.50747 
0.00000 2.75000 0.45631 0.39554 
0.00000 2.80000 0.45631 0.24030 
0.00000 2.85000 0.45631 0.23374 
0.00000 2.90000 0.45631 0.26354 
0.00000 2.95000 0.45631 0.21118 
0.00000 3.00000 0.45631 0.25872 
0.00000 3.05000 0.45631 0.25872 
0.00000 3.10000 0.45631 0.21711 
0.00000 3.15000 0.45631 0.18219 
0.00000 3.20000 0.45631 0.21912 
0.00000 3.25000 0.45631 0.21912 
0.00000 3.30000 0.45631 0.27094 
0.00000 3.35000 0.45631 0.21711 
0.00000 3.40000 0.45631 0.25634 
0.00000 3.45000 0.45631 0.21314 
0.00000 3.50000 0.45631 0.23374 
0.00000 3.55000 0.45631 0.22736 
0.00000 3.60000 0.45631 0.38121 
0.00000 3.65000 0.45631 0.24934 
0.00000 3.70000 0.45631 0.19797 
0.00000 3.75000 0.45631 0.25634 
0.00000 3.80000 0.45631 0.24253 
0.00000 3.85000 0.45631 0.59367 
0.00000 3.90000 0.45631 0.24478 
0.00000 3.95000 0.45631 0.22527 
0.00000 4.00000 0.45631 0.59367 
0.00000 4.05000 0.45631 0.24478 
0.00000 4.10000 0.45631 0.19435 
0.00000 4.15000 0.45631 0.24478 
0.00000 4.20000 0.45631 0.21314 
0.00000 4.25000 0.45631 0.24030 
0.00000 4.30000 0.45631 0.43379 
0.00000 4.35000 0.45631 0.66320 
0.00000 4.40000 0.45631 0.23591 
0.00000 4.45000 0.45631 0.21912 
0.00000 4.50000 0.45631 0.53144 
0.00000 4.55000 0.45631 0.53144 
0.00000 4.60000 0.45631 0.25634 
0.00000 4.65000 0.45631 0.53144 
0.00000 4.70000 0.45631 0.32286 
0.00000 4.75000 0.45631 0.19435 
0.00000 4.80000 0.45631 0.21711 
0.00000 4.85000 0.45631 0.24478 
0.00000 4.90000 0.45631 0.24030 
0.00000 4.95000 0.45631 0.24478 
0.00000 5.00000 0.45631 0.21912 
0.10000 1.00000 0.50444 110.00000 
0.10000 1.05000 0.50232 110.00000 
0.10000 1.10000 0.50036 110.00000 
0.10000 1.15000 0.49857 110.00000 
0.10000 1.20000 0.49691 110.00000 
0.10000 1.25000 0.49537 110.00000 
0.10000 1.30000 0.49394 110.00000 
0.10000 1.35000 0.49261 110.00000 
0.10000 1.40000 0.49137 110.00000 
0.10000 1.45000 0.49022 110.00000 
0.10000 1.50000 0.48913 110.00000 
0.10000 1.55000 0.48811 110.00000 
0.10000 1.60000 0.48715 110.00000 
0.10000 1.65000 0.48625 110.00000 
0.10000 1.70000 0.48540 110.00000 
0.10000 1.75000 0.48460 110.00000 
0.10000 1.80000 0.48383 110.00000 
0.10000 1.85000 0.48311 110.00000 
0.10000 1.90000 0.48243 110.00000 
0.10000 1.95000 0.48177 110.00000 
0.10000 2.00000 0.48115 110.00000 
0.10000 2.05000 0.48056 110.00000 
0.10000 2.10000 0.48000 110.00000 
0.10000 2.15000 0.47946 110.00000 
0.10000 2.20000 0.47895 110.00000 
0.10000 2.25000 0.47846 110.00000 
0.10000 2.30000 0.47798 110.00000 
0.10000 2.35000 0.47753 110.00000 
0.10000 2.40000 0.47710 110.00000 
0.10000 2.45000 0.47668 110.00000 
0.10000 2.50000 0.47628 110.00000 
0.10000 2.55000 0.47590 110.00000 
0.10000 2.60000 0.47553 110.00000 
0.10000 2.65000 0.47517 110.00000 
0.10000 2.70000 0.47483 110.00000 
0.10000 2.75000 0.47450 110.00000 
0.10000 2.80000 0.47418 110.00000 
0.10000 2.85000 0.47387 110.00000 
0.10000 2.90000 0.47357 110.00000 
0.10000 2.95000 0.47328 110.00000 
0.10000 3.00000 0.47301 110.00000 
0.10000 3.05000 0.47274 110.00000 
0.10000 3.10000 0.47247 110.00000 
0.10000 3.15000 0.47222 110.00000 
0.10000 3.20000 0.47198 110.00000 
0.10000 3.25000 0.47174 110.00000 
0.10000 3.30000 0.47151 110.00000 
0.10000 3.35000 0.47128 110.00000 
0.10000 3.40000 0.47107 110.00000 
0.10000 3.45000 0.47086 110.00000 
0.10000 3.50000 0.47065 110.00000 
0.10000 3.55000 0.47045 110.00000 
0.10000 3.60000 0.47026 110.00000 
0.10000 3.65000 0.47007 110.00000 
0.10000 3.70000 0.46988 110.00000 
0.10000 3.75000 0.46971 110.00000 
0.10000 3.80000 0.46953 110.00000 
0.10000 3.85000 0.46936 110.00000 
0.10000 3.90000 0.46920 110.00000 
0.10000 3.95000 0.46903 110.00000 
0.10000 4.00000 0.46888 110.00000 
0.10000 4.05000 0.46872 110.00000 
0.10000 4.10000 0.46857 110.00000 
0.10000 4.15000 0.46843 110.00000 
0.10000 4.20000 0.46828 110.00000 
0.10000 4.25000 0.46814 110.00000 
0.10000 4.30000 0.46801 110.00000 
0.10000 4.35000 0.46788 110.00000 
0.10000 4.40000 0.46775 110.00000 
0.10000 4.45000 0.46762 110.00000 
0.10000 4.50000 0.46749 110.00000 
0.10000 4.55000 0.46737 110.00000 
0.10000 4.60000 0.46725 110.00000 
0.10000 4.65000 0.46714 110.00000 
0.10000 4.70000 0.46702 110.00000 
0.10000 4.75000 0.46691 110.00000 
0.10000 4.80000 0.46680 110.00000 
0.10000 4.85000 0.46669 110.00000 
0.10000 4.90000 0.46659 110.00000 
0.10000 4.95000 0.46648 110.00000 
0.10000 5.00000 0.46638 110.00000 
0.20000 1.00000 0.55430 110.00000 
0.20000 1.05000 0.54988 110.00000 
0.20000 1.10000 0.54583 110.00000 
0.20000 1.15000 0.54209 110.00000 
0.20000 1.20000 0.53864 110.00000 
0.20000 1.25000 0.53545 110.00000 
0.20000 1.30000 0.53249 110.00000 
0.20000 1.35000 0.52974 110.00000 
0.20000 1.40000 0.52717 110.00000 
0.20000 1.45000 0.52477 110.00000 
0.20000 1.50000 0.52253 110.00000 
0.20000 1.55000 0.52043 110.00000 
0.20000 1.60000 0.51845 110.00000 
0.20000 1.65000 0.51659 110.00000 
0.20000 1.70000 0.51484 110.00000 
0.20000 1.75000 0.51319 110.00000 
0.20000 1.80000 0.51162 110.00000 
0.20000 1.85000 0.51014 110.00000 
0.20000 1.90000 0.50874 110.00000 
0.20000 1.95000 0.50740 110.00000 
0.20000 2.00000 0.50613 110.00000 
0.20000 2.05000 0.50493 110.00000 
0.20000 2.10000 0.50377 110.00000 
0.20000 2.15000 0.50268 110.00000 
0.20000 2.20000 0.50163 110.00000 
0.20000 2.25000 0.50063 110.00000 
0.20000 2.30000 0.49967 110.00000 
0.20000 2.35000 0.49875 110.00000 
0.20000 2.40000 0.49787 110.00000 
0.20000 2.45000 0.49702 110.00000 
0.20000 2.50000 0.49621 110.00000 
0.20000 2.55000 0.49543 110.00000 
0.20000 2.60000 0.49468 110.00000 
0.20000 2.65000 0.49396 110.00000 
0.20000 2.70000 0.49326 110.00000 
0.20000 2.75000 0.49259 110.00000 
0.20000 2.80000 0.49195 110.00000 
0.20000 2.85000 0.49132 110.00000 
0.20000 2.90000 0.49072 110.00000 
0.20000 2.95000 0.49014 110.00000 
0.20000 3.00000 0.48957 110.00000 
0.20000 3.05000 0.48903 110.00000 
0.20000 3.10000 0.48850 110.00000 
0.20000 3.15000 0.48799 110.00000 
0.20000 3.20000 0.48750 110.00000 
0.20000 3.25000 0.48702 110.00000 
0.20000 3.30000 0.48655 110.00000 
0.20000 3.35000 0.48610 110.00000 
0.20000 3.40000 0.48566 110.00000 
0.20000 3.45000 0.48524 110.00000 
0.20000 3.50000 0.48483 110.00000 
0.20000 3.55000 0.48442 110.00000 
0.20000 3.60000 0.48403 110.00000 
0.20000 3.65000 0.48366 110.00000 
0.20000 3.70000 0.48329 110.00000 
0.20000 3.75000 0.48293 110.00000 
0.20000 3.80000 0.48258 110.00000 
0.20000 3.85000 0.48224 110.00000 
0.20000 3.90000 0.48190 110.00000 
0.20000 3.95000 0.48158 110.00000 
0.20000 4.00000 0.48126 110.00000 
0.20000 4.05000 0.48096 110.00000 
0.20000 4.10000 0.48065 110.00000 
0.20000 4.15000 0.48036 110.00000 
0.20000 4.20000 0.48008 110.00000 
0.20000 4.25000 0.47980 110.00000 
0.20000 4.30000 0.47952 110.00000 
0.20000 4.35000 0.47926 110.00000 
0.20000 4.40000 0.47900 110.00000 
0.20000 4.45000 0.47874 110.00000 
0.20000 4.50000 0.47849 110.00000 
0.20000 4.55000 0.47825 110.00000 
0.20000 4.60000 0.47801 110.00000 
0.20000 4.65000 0.47778 110.00000 
0.20000 4.70000 0.47755 110.00000 
0.20000 4.75000 0.47732 110.00000 
0.20000 4.80000 0.47710 110.00000 
0.20000 4.85000 0.47689 110.00000 
0.20000 4.90000 0.47668 110.00000 
0.20000 4.95000 0.47647 110.00000 
0.20000 5.00000 0.47627 110.00000 
0.30000 1.00000 0.60615 110.00000 
0.30000 1.05000 0.59935 110.00000 
0.30000 1.10000 0.59307 110.00000 
0.30000 1.15000 0.58727 110.00000 
0.30000 1.20000 0.58191 110.00000 
0.30000 1.25000 0.57695 110.00000 
0.30000 1.30000 0.57235 110.00000 
0.30000 1.35000 0.56807 110.00000 
0.30000 1.40000 0.56408 110.00000 
0.30000 1.45000 0.56036 110.00000 
0.30000 1.50000 0.55689 110.00000 
0.30000 1.55000 0.55363 110.00000 
0.30000 1.60000 0.55057 110.00000 
0.30000 1.65000 0.54769 110.00000 
0.30000 1.70000 0.54499 110.00000 
0.30000 1.75000 0.54243 110.00000 
0.30000 1.80000 0.54002 110.00000 
0.30000 1.85000 0.53774 110.00000 
0.30000 1.90000 0.53557 110.00000 
0.30000 1.95000 0.53352 110.00000 
0.30000 2.00000 0.53157 110.00000 
0.30000 2.05000 0.52972 110.00000 
0.30000 2.10000 0.52795 110.00000 
0.30000 2.15000 0.52627 110.00000 
0.30000 2.20000 0.52466 110.00000 
0.30000 2.25000 0.52313 110.00000 
0.30000 2.30000 0.52166 110.00000 
0.30000 2.35000 0.52025 110.00000 
0.30000 2.40000 0.51891 110.00000 
0.30000 2.45000 0.51762 110.00000 
0.30000 2.50000 0.51638 110.00000 
0.30000 2.55000 0.51519 110.00000 
0.30000 2.60000 0.51404 110.00000 
0.30000 2.65000 0.51294 110.00000 
0.30000 2.70000 0.51188 110.00000 
0.30000 2.75000 0.51086 110.00000 
0.30000 2.80000 0.50988 110.00000 
0.30000 2.85000 0.50893 110.00000 
0.30000 2.90000 0.50801 110.00000 
0.30000 2.95000 0.50713 110.00000 
0.30000 3.00000 0.50627 110.00000 
0.30000 3.05000 0.50545 110.00000 
0.30000 3.10000 0.50465 110.00000 
0.30000 3.15000 0.50387 110.00000 
0.30000 3.20000 0.50312 110.00000 
0.30000 3.25000 0.50239 110.00000 
0.30000 3.30000 0.50169 110.00000 
0.30000 3.35000 0.50101 110.00000 
0.30000 3.40000 0.50034 110.00000 
0.30000 3.45000 0.49970 110.00000 
0.30000 3.50000 0.49907 110.00000 
0.30000 3.55000 0.49847 110.00000 
0.30000 3.60000 0.49788 110.00000 
0.30000 3.65000 0.49730 110.00000 
0.30000 3.70000 0.49674 110.00000 
0.30000 3.75000 0.49620 110.00000 
0.30000 3.80000 0.49567 110.00000 
0.30000 3.85000 0.49515 110.00000 
0.30000 3.90000 0.49465 110.00000 
0.30000 3.95000 0.49416 110.00000 
0.30000 4.00000 0.49369 110.00000 
0.30000 4.05000 0.49322 110.00000 
0.30000 4.10000 0.49277 110.00000 
0.30000 4.15000 0.49232 110.00000 
0.30000 4.20000 0.49189 110.00000 
0.30000 4.25000 0.49147 110.00000 
0.30000 4.30000 0.49106 110.00000 
0.30000 4.35000 0.49066 110.00000 
0.30000 4.40000 0.49026 110.00000 
0.30000 4.45000 0.48988 110.00000 
0.30000 4.50000 0.48950 110.00000 
0.30000 4.55000 0.48914 110.00000 
0.30000 4.60000 0.48878 110.00000 
0.30000 4.65000 0.48842 110.00000 
0.30000 4.70000 0.48808 110.00000 
0.30000 4.75000 0.48774 110.00000 
0.30000 4.80000 0.48741 110.00000 
0.30000 4.85000 0.48709 110.00000 
0.30000 4.90000 0.48677 110.00000 
0.30000 4.95000 0.48646 110.00000 
0.30000 5.00000 0.48616 110.00000 
0.40000 1.00000 0.66017 110.00000 
0.40000 1.05000 0.65093 110.00000 
0.40000 1.10000 0.64234 110.00000 
0.40000 1.15000 0.63435 110.00000 
0.40000 1.20000 0.62695 110.00000 
0.40000 1.25000 0.62008 110.00000 
0.40000 1.30000 0.61370 110.00000 
0.40000 1.35000 0.60778 110.00000 
0.40000 1.40000 0.60226 110.00000 
0.40000 1.45000 0.59711 110.00000 
0.40000 1.50000 0.59230 110.00000 
0.40000 1.55000 0.58780 110.00000 
0.40000 1.60000 0.58358 110.00000 
0.40000 1.65000 0.57962 110.00000 
0.40000 1.70000 0.57589 110.00000 
0.40000 1.75000 0.57238 110.00000 
0.40000 1.80000 0.56906 110.00000 
0.40000 1.85000 0.56593 110.00000 
0.40000 1.90000 0.56296 110.00000 
0.40000 1.95000 0.56015 110.00000 
0.40000 2.00000 0.55748 110.00000 
0.40000 2.05000 0.55495 110.00000 
0.40000 2.10000 0.55254 110.00000 
0.40000 2.15000 0.55024 110.00000 
0.40000 2.20000 0.54805 110.00000 
0.40000 2.25000 0.54595 110.00000 
0.40000 2.30000 0.54396 110.00000 
0.40000 2.35000 0.54204 110.00000 
0.40000 2.40000 0.54021 110.00000 
0.40000 2.45000 0.53846 110.00000 
0.40000 2.50000 0.53678 110.00000 
0.40000 2.55000 0.53516 110.00000 
0.40000 2.60000 0.53361 110.00000 
0.40000 2.65000 0.53212 110.00000 
0.40000 2.70000 0.53068 110.00000 
0.40000 2.75000 0.52930 110.00000 
0.40000 2.80000 0.52797 110.00000 
0.40000 2.85000 0.52668 110.00000 
0.40000 2.90000 0.52544 110.00000 
0.40000 2.95000 0.52425 110.00000 
0.40000 3.00000 0.52309 110.00000 
0.40000 3.05000 0.52197 110.00000 
0.40000 3.10000 0.52089 110.00000 
0.40000 3.15000 0.51985 110.00000 
0.40000 3.20000 0.51883 110.00000 
0.40000 3.25000 0.51785 110.00000 
0.40000 3.30000 0.51690 110.00000 
0.40000 3.35000 0.51598 110.00000 
0.40000 3.40000 0.51509 110.00000 
0.40000 3.45000 0.51422 110.00000 
0.40000 3.50000 0.51338 110.00000 
0.40000 3.55000 0.51256 110.00000 
0.40000 3.60000 0.51177 110.00000 
0.40000 3.65000 0.51099 110.00000 
0.40000 3.70000 0.51024 110.00000 
0.40000 3.75000 0.50951 110.00000 
0.40000 3.80000 0.50880 110.00000 
0.40000 3.85000 0.50810 110.00000 
0.40000 3.90000 0.50743 110.00000 
0.40000 3.95000 0.50677 110.00000 
0.40000 4.00000 0.50613 110.00000 
0.40000 4.05000 0.50551 110.00000 
0.40000 4.10000 0.50490 110.00000 
0.40000 4.15000 0.50430 110.00000 
0.40000 4.20000 0.50372 110.00000 
0.40000 4.25000 0.50316 110.00000 
0.40000 4.30000 0.50260 110.00000 
0.40000 4.35000 0.50206 110.00000 
0.40000 4.40000 0.50154 110.00000 
0.40000 4.45000 0.50102 110.00000 
0.40000 4.50000 0.50052 110.00000 
0.40000 4.55000 0.50002 110.00000 
0.40000 4.60000 0.49954 110.00000 
0.40000 4.65000 0.49907 110.00000 
0.40000 4.70000 0.49861 110.00000 
0.40000 4.75000 0.49816 110.00000 
0.40000 4.80000 0.49772 110.00000 
0.40000 4.85000 0.49729 110.00000 
0.40000 4.90000 0.49686 110.00000 
0.40000 4.95000 0.49645 110.00000 
0.40000 5.00000 0.49604 110.00000 
0.50000 1.00000 0.71632 110.00000 
0.50000 1.05000 0.70482 110.00000 
0.50000 1.10000 0.69388 110.00000 
0.50000 1.15000 0.68360 110.00000 
0.50000 1.20000 0.67400 110.00000 
0.50000 1.25000 0.66506 110.00000 
0.50000 1.30000 0.65674 110.00000 
0.50000 1.35000 0.64901 110.00000 
0.50000 1.40000 0.64182 110.00000 
0.50000 1.45000 0.63511 110.00000 
0.50000 1.50000 0.62885 110.00000 
0.50000 1.55000 0.62300 110.00000 
0.50000 1.60000 0.61753 110.00000 
0.50000 1.65000 0.61239 110.00000 
0.50000 1.70000 0.60757 110.00000 
0.50000 1.75000 0.60303 110.00000 
0.50000 1.80000 0.59875 110.00000 
0.50000 1.85000 0.59471 110.00000 
0.50000 1.90000 0.59089 110.00000 
0.50000 1.95000 0.58728 110.00000 
0.50000 2.00000 0.58385 110.00000 
0.50000 2.05000 0.58060 110.00000 
0.50000 2.10000 0.57751 110.00000 
0.50000 2.15000 0.57456 110.00000 
0.50000 2.20000 0.57176 110.00000 
0.50000 2.25000 0.56909 110.00000 
0.50000 2.30000 0.56653 110.00000 
0.50000 2.35000 0.56409 110.00000 
0.50000 2.40000 0.56176 110.00000 
0.50000 2.45000 0.55952 110.00000 
0.50000 2.50000 0.55738 110.00000 
0.50000 2.55000 0.55532 110.00000 
0.50000 2.60000 0.55335 110.00000 
0.50000 2.65000 0.55145 110.00000 
0.50000 2.70000 0.54963 110.00000 
0.50000 2.75000 0.54787 110.00000 
0.50000 2.80000 0.54618 110.00000 
0.50000 2.85000 0.54455 110.00000 
0.50000 2.90000 0.54298 110.00000 
0.50000 2.95000 0.54146 110.00000 
0.50000 3.00000 0.54000 110.00000 
0.50000 3.05000 0.53858 110.00000 
0.50000 3.10000 0.53722 110.00000 
0.50000 3.15000 0.53589 110.00000 
0.50000 3.20000 0.53461 110.00000 
0.50000 3.25000 0.53337 110.00000 
0.50000 3.30000 0.53217 110.00000 
0.50000 3.35000 0.53101 110.00000 
0.50000 3.40000 0.52988 110.00000 
0.50000 3.45000 0.52878 110.00000 
0.50000 3.50000 0.52772 110.00000 
0.50000 3.55000 0.52669 110.00000 
0.50000 3.60000 0.52568 110.00000 
0.50000 3.65000 0.52471 110.00000 
0.50000 3.70000 0.52376 110.00000 
0.50000 3.75000 0.52284 110.00000 
0.50000 3.80000 0.52194 110.00000 
0.50000 3.85000 0.52107 110.00000 
0.50000 3.90000 0.52022 110.00000 
0.50000 3.95000 0.51939 110.00000 
0.50000 4.00000 0.51858 110.00000 
0.50000 4.05000 0.51780 110.00000 
0.50000 4.10000 0.51703 110.00000 
0.50000 4.15000 0.51628 110.00000 
0.50000 4.20000 0.51555 110.00000 
0.50000 4.25000 0.51484 110.00000 
0.50000 4.30000 0.51415 110.00000 
0.50000 4.35000 0.51347 110.00000 
0.50000 4.40000 0.51280 110.00000 
0.50000 4.45000 0.51215 110.00000 
0.50000 4.50000 0.51152 110.00000 
0.50000 4.55000 0.51090 110.00000 
0.50000 4.60000 0.51030 110.00000 
0.50000 4.65000 0.50971 110.00000 
0.50000 4.70000 0.50913 110.00000 
0.50000 4.75000 0.50856 110.00000 
0.50000 4.80000 0.50800 110.00000 
0.50000 4.85000 0.50746 110.00000 
0.50000 4.90000 0.50693 110.00000 
0.50000 4.95000 0.50641 110.00000 
0.50000 5.00000 0.50590 110.00000 
0.60000 1.00000 0.77425 110.00000 
0.60000 1.05000 0.76108 110.00000 
0.60000 1.10000 0.74795 110.00000 
0.60000 1.15000 0.73529 110.00000 
0.60000 1.20000 0.72330 110.00000 
0.60000 1.25000 0.71207 110.00000 
0.60000 1.30000 0.70160 110.00000 
0.60000 1.35000 0.69187 110.00000 
0.60000 1.40000 0.68281 110.00000 
0.60000 1.45000 0.67439 110.00000 
0.60000 1.50000 0.66654 110.00000 
0.60000 1.55000 0.65922 110.00000 
0.60000 1.60000 0.65238 110.00000 
0.60000 1.65000 0.64598 110.00000 
0.60000 1.70000 0.63998 110.00000 
0.60000 1.75000 0.63434 110.00000 
0.60000 1.80000 0.62903 110.00000 
0.60000 1.85000 0.62403 110.00000 
0.60000 1.90000 0.61931 110.00000 
0.60000 1.95000 0.61484 110.00000 
0.60000 2.00000 0.61062 110.00000 
0.60000 2.05000 0.60661 110.00000 
0.60000 2.10000 0.60280 110.00000 
0.60000 2.15000 0.59919 110.00000 
0.60000 2.20000 0.59574 110.00000 
0.60000 2.25000 0.59246 110.00000 
0.60000 2.30000 0.58933 110.00000 
0.60000 2.35000 0.58635 110.00000 
0.60000 2.40000 0.58349 110.00000 
0.60000 2.45000 0.58075 110.00000 
0.60000 2.50000 0.57814 110.00000 
0.60000 2.55000 0.57563 110.00000 
0.60000 2.60000 0.57322 110.00000 
0.60000 2.65000 0.57090 110.00000 
0.60000 2.70000 0.56868 110.00000 
0.60000 2.75000 0.56654 110.00000 
0.60000 2.80000 0.56448 110.00000 
0.60000 2.85000 0.56250 110.00000 
0.60000 2.90000 0.56059 110.00000 
0.60000 2.95000 0.55874 110.00000 
0.60000 3.00000 0.55696 110.00000 
0.60000 3.05000 0.55524 110.00000 
0.60000 3.10000 0.55358 110.00000 
0.60000 3.15000 0.55198 110.00000 
0.60000 3.20000 0.55042 110.00000 
0.60000 3.25000 0.54892 110.00000 
0.60000 3.30000 0.54746 110.00000 
0.60000 3.35000 0.54605 110.00000 
0.60000 3.40000 0.54468 110.00000 
0.60000 3.45000 0.54336 110.00000 
0.60000 3.50000 0.54207 110.00000 
0.60000 3.55000 0.54082 110.00000 
0.60000 3.60000 0.53961 110.00000 
0.60000 3.65000 0.53843 110.00000 
0.60000 3.70000 0.53728 110.00000 
0.60000 3.75000 0.53616 110.00000 
0.60000 3.80000 0.53508 110.00000 
0.60000 3.85000 0.53402 110.00000 
0.60000 3.90000 0.53300 110.00000 
0.60000 3.95000 0.53200 110.00000 
0.60000 4.00000 0.53102 110.00000 
0.60000 4.05000 0.53007 110.00000 
0.60000 4.10000 0.52915 110.00000 
0.60000 4.15000 0.52824 110.00000 
0.60000 4.20000 0.52736 110.00000 
0.60000 4.25000 0.52650 110.00000 
0.60000 4.30000 0.52566 110.00000 
0.60000 4.35000 0.52484 110.00000 
0.60000 4.40000 0.52404 110.00000 
0.60000 4.45000 0.52326 110.00000 
0.60000 4.50000 0.52250 110.00000 
0.60000 4.55000 0.52175 110.00000 
0.60000 4.60000 0.52102 110.00000 
0.60000 4.65000 0.52031 110.00000 
0.60000 4.70000 0.51961 110.00000 
0.60000 4.75000 0.51893 110.00000 
0.60000 4.80000 0.51826 110.00000 
0.60000 4.85000 0.51760 110.00000 
0.60000 4.90000 0.51696 110.00000 
0.60000 4.95000 0.51634 110.00000 
0.60000 5.00000 0.51572 110.00000 
0.70000 1.00000 0.83309 110.00000 
0.70000 1.05000 0.81987 110.00000 
0.70000 1.10000 0.80499 110.00000 
0.70000 1.15000 0.78980 110.00000 
0.70000 1.20000 0.77510 110.00000 
0.70000 1.25000 0.76122 110.00000 
0.70000 1.30000 0.74827 110.00000 
0.70000 1.35000 0.73625 110.00000 
0.70000 1.40000 0.72511 110.00000 
0.70000 1.45000 0.71478 110.00000 
0.70000 1.50000 0.70518 110.00000 
0.70000 1.55000 0.69626 110.00000 
0.70000 1.60000 0.68795 110.00000 
0.70000 1.65000 0.68019 110.00000 
0.70000 1.70000 0.67292 110.00000 
0.70000 1.75000 0.66612 110.00000 
0.70000 1.80000 0.65973 110.00000 
0.70000 1.85000 0.65371 110.00000 
0.70000 1.90000 0.64804 110.00000 
0.70000 1.95000 0.64269 110.00000 
0.70000 2.00000 0.63763 110.00000 
0.70000 2.05000 0.63284 110.00000 
0.70000 2.10000 0.62830 110.00000 
0.70000 2.15000 0.62399 110.00000 
0.70000 2.20000 0.61988 110.00000 
0.70000 2.25000 0.61598 110.00000 
0.70000 2.30000 0.61226 110.00000 
0.70000 2.35000 0.60870 110.00000 
0.70000 2.40000 0.60531 110.00000 
0.70000 2.45000 0.60207 110.00000 
0.70000 2.50000 0.59896 110.00000 
0.70000 2.55000 0.59599 110.00000 
0.70000 2.60000 0.59313 110.00000 
0.70000 2.65000 0.59039 110.00000 
0.70000 2.70000 0.58776 110.00000 
0.70000 2.75000 0.58524 110.00000 
0.70000 2.80000 0.58280 110.00000 
0.70000 2.85000 0.58046 110.00000 
0.70000 2.90000 0.57820 110.00000 
0.70000 2.95000 0.57603 110.00000 
0.70000 3.00000 0.57393 110.00000 
0.70000 3.05000 0.57190 110.00000 
0.70000 3.10000 0.56994 110.00000 
0.70000 3.15000 0.56805 110.00000 
0.70000 3.20000 0.56622 110.00000 
0.70000 3.25000 0.56445 110.00000 
0.70000 3.30000 0.56274 110.00000 
0.70000 3.35000 0.56107 110.00000 
0.70000 3.40000 0.55947 110.00000 
0.70000 3.45000 0.55790 110.00000 
0.70000 3.50000 0.55639 110.00000 
0.70000 3.55000 0.55492 110.00000 
0.70000 3.60000 0.55349 110.00000 
0.70000 3.65000 0.55211 110.00000 
0.70000 3.70000 0.55076 110.00000 
0.70000 3.75000 0.54945 110.00000 
0.70000 3.80000 0.54818 110.00000 
0.70000 3.85000 0.54694 110.00000 
0.70000 3.90000 0.54573 110.00000 
0.70000 3.95000 0.54456 110.00000 
0.70000 4.00000 0.54342 110.00000 
0.70000 4.05000 0.54230 110.00000 
0.70000 4.10000 0.54122 110.00000 
0.70000 4.15000 0.54016 110.00000 
0.70000 4.20000 0.53912 110.00000 
0.70000 4.25000 0.53812 110.00000 
0.70000 4.30000 0.53713 110.00000 
0.70000 4.35000 0.53617 110.00000 
0.70000 4.40000 0.53524 110.00000 
0.70000 4.45000 0.53432 110.00000 
0.70000 4.50000 0.53343 110.00000 
0.70000 4.55000 0.53255 110.00000 
0.70000 4.60000 0.53170 110.00000 
0.70000 4.65000 0.53086 110.00000 
0.70000 4.70000 0.53004 110.00000 
0.70000 4.75000 0.52924 110.00000 
0.70000 4.80000 0.52846 110.00000 
0.70000 4.85000 0.52770 110.00000 
0.70000 4.90000 0.52695 110.00000 
0.70000 4.95000 0.52621 110.00000 
0.70000 5.00000 0.52549 110.00000 
0.80000 1.00000 0.89148 110.00000 
0.80000 1.05000 0.88205 110.00000 
0.80000 1.10000 0.86624 110.00000 
0.80000 1.15000 0.84775 110.00000 
0.80000 1.20000 0.82934 110.00000 
0.80000 1.25000 0.81204 110.00000 
0.80000 1.30000 0.79609 110.00000 
0.80000 1.35000 0.78143 110.00000 
0.80000 1.40000 0.76796 110.00000 
0.80000 1.45000 0.75556 110.00000 
0.80000 1.50000 0.74411 110.00000 
0.80000 1.55000 0.73350 110.00000 
0.80000 1.60000 0.72366 110.00000 
0.80000 1.65000 0.71449 110.00000 
0.80000 1.70000 0.70594 110.00000 
0.80000 1.75000 0.69794 110.00000 
0.80000 1.80000 0.69045 110.00000 
0.80000 1.85000 0.68340 110.00000 
0.80000 1.90000 0.67678 110.00000 
0.80000 1.95000 0.67053 110.00000 
0.80000 2.00000 0.66463 110.00000 
0.80000 2.05000 0.65905 110.00000 
0.80000 2.10000 0.65376 110.00000 
0.80000 2.15000 0.64874 110.00000 
0.80000 2.20000 0.64397 110.00000 
0.80000 2.25000 0.63944 110.00000 
0.80000 2.30000 0.63512 110.00000 
0.80000 2.35000 0.63100 110.00000 
0.80000 2.40000 0.62707 110.00000 
0.80000 2.45000 0.62332 110.00000 
0.80000 2.50000 0.61972 110.00000 
0.80000 2.55000 0.61628 110.00000 
0.80000 2.60000 0.61298 110.00000 
0.80000 2.65000 0.60982 110.00000 
0.80000 2.70000 0.60678 110.00000 
0.80000 2.75000 0.60386 110.00000 
0.80000 2.80000 0.60105 110.00000 
0.80000 2.85000 0.59835 110.00000 
0.80000 2.90000 0.59574 110.00000 
0.80000 2.95000 0.59324 110.00000 
0.80000 3.00000 0.59082 110.00000 
0.80000 3.05000 0.58848 110.00000 
0.80000 3.10000 0.58623 110.00000 
0.80000 3.15000 0.58405 110.00000 
0.80000 3.20000 0.58194 110.00000 
0.80000 3.25000 0.57990 110.00000 
0.80000 3.30000 0.57793 110.00000 
0.80000 3.35000 0.57602 110.00000 
0.80000 3.40000 0.57417 110.00000 
0.80000 3.45000 0.57237 110.00000 
0.80000 3.50000 0.57063 110.00000 
0.80000 3.55000 0.56894 110.00000 
0.80000 3.60000 0.56730 110.00000 
0.80000 3.65000 0.56571 110.00000 
0.80000 3.70000 0.56417 110.00000 
0.80000 3.75000 0.56266 110.00000 
0.80000 3.80000 0.56120 110.00000 
0.80000 3.85000 0.55978 110.00000 
0.80000 3.90000 0.55839 110.00000 
0.80000 3.95000 0.55705 110.00000 
0.80000 4.00000 0.55573 110.00000 
0.80000 4.05000 0.55446 110.00000 
0.80000 4.10000 0.55321 110.00000 
0.80000 4.15000 0.55199 110.00000 
0.80000 4.20000 0.55081 110.00000 
0.80000 4.25000 0.54966 110.00000 
0.80000 4.30000 0.54853 110.00000 
0.80000 4.35000 0.54743 110.00000 
0.80000 4.40000 0.54635 110.00000 
0.80000 4.45000 0.54530 110.00000 
0.80000 4.50000 0.54428 110.00000 
0.80000 4.55000 0.54328 110.00000 
0.80000 4.60000 0.54230 110.00000 
0.80000 4.65000 0.54134 110.00000 
0.80000 4.70000 0.54041 110.00000 
0.80000 4.75000 0.53949 110.00000 
0.80000 4.80000 0.53859 110.00000 
0.80000 4.85000 0.53772 110.00000 
0.80000 4.90000 0.53686 110.00000 
0.80000 4.95000 0.53602 110.00000 
0.80000 5.00000 0.53520 110.00000 
0.90000 1.00000 1.00000 110.00000 
0.90000 1.05000 1.00000 110.00000 
0.90000 1.10000 1.00000 110.00000 
0.90000 1.15000 1.00000 110.00000 
0.90000 1.20000 0.88158 110.00000 
0.90000 1.25000 0.86043 110.00000 
0.90000 1.30000 0.84147 110.00000 
0.90000 1.35000 0.82436 110.00000 
0.90000 1.40000 0.80880 110.00000 
0.90000 1.45000 0.79457 110.00000 
0.90000 1.50000 0.78148 110.00000 
0.90000 1.55000 0.76938 110.00000 
0.90000 1.60000 0.75817 110.00000 
0.90000 1.65000 0.74774 110.00000 
0.90000 1.70000 0.73802 110.00000 
0.90000 1.75000 0.72893 110.00000 
0.90000 1.80000 0.72042 110.00000 
0.90000 1.85000 0.71242 110.00000 
0.90000 1.90000 0.70490 110.00000 
0.90000 1.95000 0.69781 110.00000 
0.90000 2.00000 0.69111 110.00000 
0.90000 2.05000 0.68478 110.00000 
0.90000 2.10000 0.67878 110.00000 
0.90000 2.15000 0.67309 110.00000 
0.90000 2.20000 0.66769 110.00000 
0.90000 2.25000 0.66255 110.00000 
0.90000 2.30000 0.65766 110.00000 
0.90000 2.35000 0.65299 110.00000 
0.90000 2.40000 0.64854 110.00000 
0.90000 2.45000 0.64429 110.00000 
0.90000 2.50000 0.64022 110.00000 
0.90000 2.55000 0.63632 110.00000 
0.90000 2.60000 0.63259 110.00000 
0.90000 2.65000 0.62901 110.00000 
0.90000 2.70000 0.62557 110.00000 
0.90000 2.75000 0.62227 110.00000 
0.90000 2.80000 0.61909 110.00000 
0.90000 2.85000 0.61604 110.00000 
0.90000 2.90000 0.61309 110.00000 
0.90000 2.95000 0.61026 110.00000 
0.90000 3.00000 0.60752 110.00000 
0.90000 3.05000 0.60488 110.00000 
0.90000 3.10000 0.60234 110.00000 
0.90000 3.15000 0.59988 110.00000 
0.90000 3.20000 0.59750 110.00000 
0.90000 3.25000 0.59520 110.00000 
0.90000 3.30000 0.59297 110.00000 
0.90000 3.35000 0.59081 110.00000 
0.90000 3.40000 0.58872 110.00000 
0.90000 3.45000 0.58670 110.00000 
0.90000 3.50000 0.58473 110.00000 
0.90000 3.55000 0.58283 110.00000 
0.90000 3.60000 0.58098 110.00000 
0.90000 3.65000 0.57918 110.00000 
0.90000 3.70000 0.57744 110.00000 
0.90000 3.75000 0.57574 110.00000 
0.90000 3.80000 0.57409 110.00000 
0.90000 3.85000 0.57249 110.00000 
0.90000 3.90000 0.57093 110.00000 
0.90000 3.95000 0.56941 110.00000 
0.90000 4.00000 0.56793 110.00000 
0.90000 4.05000 0.56649 110.00000 
0.90000 4.10000 0.56509 110.00000 
0.90000 4.15000 0.56372 110.00000 
0.90000 4.20000 0.56239 110.00000 
0.90000 4.25000 0.56108 110.00000 
0.90000 4.30000 0.55981 110.00000 
0.90000 4.35000 0.55858 110.00000 
0.90000 4.40000 0.55737 110.00000 
0.90000 4.45000 0.55618 110.00000 
0.90000 4.50000 0.55503 110.00000 
0.90000 4.55000 0.55390 110.00000 
0.90000 4.60000 0.55280 110.00000 
0.90000 4.65000 0.55172 110.00000 
0.90000 4.70000 0.55067 110.00000 
0.90000 4.75000 0.54964 110.00000 
0.90000 4.80000 0.54863 110.00000 
0.90000 4.85000 0.54764 110.00000 
0.90000 4.90000 0.54668 110.00000 
0.90000 4.95000 0.54573 110.00000 
0.90000 5.00000 0.54481 110.00000 
0.98000 1.00000 1.00000 110.00000 
0.98000 1.05000 1.00000 110.00000 
0.98000 1.10000 1.00000 110.00000 
0.98000 1.15000 1.00000 110.00000 
0.98000 1.20000 1.00000 110.00000 
0.98000 1.25000 0.88737 110.00000 
0.98000 1.30000 0.86887 110.00000 
0.98000 1.35000 0.85179 110.00000 
0.98000 1.40000 0.83599 110.00000 
0.98000 1.45000 0.82134 110.00000 
0.98000 1.50000 0.80773 110.00000 
0.98000 1.55000 0.79506 110.00000 
0.98000 1.60000 0.78323 110.00000 
0.98000 1.65000 0.77218 110.00000 
0.98000 1.70000 0.76183 110.00000 
0.98000 1.75000 0.75212 110.00000 
0.98000 1.80000 0.74299 110.00000 
0.98000 1.85000 0.73440 110.00000 
0.98000 1.90000 0.72630 110.00000 
0.98000 1.95000 0.71866 110.00000 
0.98000 2.00000 0.71143 110.00000 
0.98000 2.05000 0.70458 110.00000 
0.98000 2.10000 0.69809 110.00000 
0.98000 2.15000 0.69193 110.00000 
0.98000 2.20000 0.68607 110.00000 
0.98000 2.25000 0.68050 110.00000 
0.98000 2.30000 0.67519 110.00000 
0.98000 2.35000 0.67012 110.00000 
0.98000 2.40000 0.66528 110.00000 
0.98000 2.45000 0.66066 110.00000 
0.98000 2.50000 0.65624 110.00000 
0.98000 2.55000 0.65200 110.00000 
0.98000 2.60000 0.64794 110.00000 
0.98000 2.65000 0.64405 110.00000 
0.98000 2.70000 0.64031 110.00000 
0.98000 2.75000 0.63671 110.00000 
0.98000 2.80000 0.63326 110.00000 
0.98000 2.85000 0.62993 110.00000 
0.98000 2.90000 0.62673 110.00000 
0.98000 2.95000 0.62364 110.00000 
0.98000 3.00000 0.62067 110.00000 
0.98000 3.05000 0.61780 110.00000 
0.98000 3.10000 0.61502 110.00000 
0.98000 3.15000 0.61234 110.00000 
0.98000 3.20000 0.60975 110.00000 
0.98000 3.25000 0.60725 110.00000 
0.98000 3.30000 0.60483 110.00000 
0.98000 3.35000 0.60248 110.00000 
0.98000 3.40000 0.60020 110.00000 
0.98000 3.45000 0.59800 110.00000 
0.98000 3.50000 0.59586 110.00000 
0.98000 3.55000 0.59379 110.00000 
0.98000 3.60000 0.59177 110.00000 
0.98000 3.65000 0.58982 110.00000 
0.98000 3.70000 0.58792 110.00000 
0.98000 3.75000 0.58607 110.00000 
0.98000 3.80000 0.58428 110.00000 
0.98000 3.85000 0.58254 110.00000 
0.98000 3.90000 0.58084 110.00000 
0.98000 3.95000 0.57918 110.00000 
0.98000 4.00000 0.57757 110.00000 
0.98000 4.05000 0.57601 110.00000 
0.98000 4.10000 0.57448 110.00000 
0.98000 4.15000 0.57299 110.00000 
0.98000 4.20000 0.57154 110.00000 
0.98000 4.25000 0.57012 110.00000 
0.98000 4.30000 0.56874 110.00000 
0.98000 4.35000 0.56739 110.00000 
0.98000 4.40000 0.56608 110.00000 
0.98000 4.45000 0.56479 110.00000 
0.98000 4.50000 0.56353 110.00000 
0.98000 4.55000 0.56231 110.00000 
0.98000 4.60000 0.56111 110.00000 
0.98000 4.65000 0.55994 110.00000 
0.98000 4.70000 0.55879 110.00000 
0.98000 4.75000 0.55767 110.00000 
0.98000 4.80000 0.55657 110.00000 
0.98000 4.85000 0.55550 110.00000 
0.98000 4.90000 0.55445 110.00000 
0.98000 4.95000 0.55342 110.00000 
0.98000 5.00000 0.55241 110.00000 
