0.00000 0.01000 0.02364 42.19398 
0.00000 0.02000 0.03717 34.44087 
0.00000 0.03000 0.04837 30.54710 
0.00000 0.04000 0.05828 28.37304 
0.00000 0.05000 0.06731 26.84465 
0.00000 0.06000 0.07572 25.63407 
0.00000 0.07000 0.08363 24.70504 
0.00000 0.08000 0.09114 24.03043 
0.00000 0.09000 0.09832 23.37424 
0.00000 0.10000 0.10522 22.94676 
0.00000 0.10000 0.10522 22.94676 
0.00000 0.15000 0.13665 21.31362 
0.00000 0.20000 0.16457 20.54117 
0.00000 0.25000 0.19018 20.16551 
0.00000 0.30000 0.21411 19.98026 
0.00000 0.35000 0.23672 19.79672 
0.00000 0.40000 0.25824 19.98026 
0.00000 0.45000 0.27883 20.16551 
0.00000 0.50000 0.29858 20.35248 
0.00000 0.55000 0.31757 20.54117 
0.00000 0.60000 0.33583 20.92383 
0.00000 0.65000 0.35338 21.31362 
0.00000 0.70000 0.37024 21.71068 
0.00000 0.75000 0.38640 22.11512 
0.00000 0.80000 0.40186 22.52711 
0.00000 0.85000 0.41659 23.15951 
0.00000 0.90000 0.43059 23.59095 
0.00000 0.90000 0.43059 23.59095 
0.00000 0.91000 0.43330 23.59095 
0.00000 0.92000 0.43598 23.80968 
0.00000 0.93000 0.43863 23.80968 
0.00000 0.94000 0.44125 24.03043 
0.00000 0.95000 0.44383 24.03043 
0.00000 0.96000 0.44639 24.25323 
0.00000 0.97000 0.44892 24.25323 
0.00000 0.98000 0.45141 24.47809 
0.10000 0.01000 0.11196 22.52711 
0.10000 0.02000 0.11849 22.11512 
0.10000 0.03000 0.12485 21.91197 
0.10000 0.04000 0.13104 21.51123 
0.10000 0.05000 0.13710 21.31362 
0.10000 0.06000 0.14302 21.11783 
0.10000 0.07000 0.14882 20.92383 
0.10000 0.08000 0.15452 20.73162 
0.10000 0.09000 0.16012 20.54117 
0.10000 0.10000 0.16562 20.54117 
0.10000 0.10000 0.16562 20.54117 
0.10000 0.15000 0.19196 20.16551 
0.10000 0.20000 0.21673 19.98026 
0.10000 0.25000 0.24028 19.79672 
0.10000 0.30000 0.26285 19.98026 
0.10000 0.35000 0.28457 20.16551 
0.10000 0.40000 0.30556 20.35248 
0.10000 0.45000 0.32586 20.73162 
0.10000 0.50000 0.34552 21.11783 
0.10000 0.55000 0.36455 21.51123 
0.10000 0.60000 0.38295 22.11512 
0.10000 0.65000 0.40072 22.52711 
0.10000 0.70000 0.41781 23.15951 
0.10000 0.75000 0.43422 23.80968 
0.10000 0.80000 0.44989 24.25323 
0.10000 0.85000 0.46478 24.93409 
0.10000 0.90000 0.47887 25.63407 
0.10000 0.90000 0.47887 25.63407 
0.10000 0.91000 0.48158 25.63407 
0.10000 0.92000 0.48426 25.87174 
0.10000 0.93000 0.48691 25.87174 
0.10000 0.94000 0.48952 26.11161 
0.10000 0.95000 0.49210 26.11161 
0.10000 0.96000 0.49464 26.35371 
0.10000 0.97000 0.49714 26.35371 
0.10000 0.98000 0.49961 26.59804 
0.20000 0.01000 0.17006 20.35248 
0.20000 0.02000 0.17549 20.35248 
0.20000 0.03000 0.18084 20.16551 
0.20000 0.04000 0.18613 20.16551 
0.20000 0.05000 0.19136 20.16551 
0.20000 0.06000 0.19654 19.98026 
0.20000 0.07000 0.20166 19.98026 
0.20000 0.08000 0.20673 19.98026 
0.20000 0.09000 0.21175 19.98026 
0.20000 0.10000 0.21673 19.98026 
0.20000 0.10000 0.21673 19.98026 
0.20000 0.15000 0.24101 19.79672 
0.20000 0.20000 0.26442 19.98026 
0.20000 0.25000 0.28711 20.16551 
0.20000 0.30000 0.30918 20.54117 
0.20000 0.35000 0.33069 20.92383 
0.20000 0.40000 0.35168 21.31362 
0.20000 0.45000 0.37216 21.71068 
0.20000 0.50000 0.39213 22.32016 
0.20000 0.55000 0.41157 22.94676 
0.20000 0.60000 0.43046 23.59095 
0.20000 0.65000 0.44874 24.25323 
0.20000 0.70000 0.46636 24.93409 
0.20000 0.75000 0.48325 25.87174 
0.20000 0.80000 0.49934 26.59804 
0.20000 0.85000 0.51456 27.34474 
0.20000 0.90000 0.52883 28.11239 
0.20000 0.90000 0.52883 28.11239 
0.20000 0.91000 0.53157 28.37304 
0.20000 0.92000 0.53426 28.63610 
0.20000 0.93000 0.53692 28.63610 
0.20000 0.94000 0.53953 28.90160 
0.20000 0.95000 0.54210 29.16956 
0.20000 0.96000 0.54462 29.16956 
0.20000 0.97000 0.54711 29.44000 
0.20000 0.98000 0.54955 29.44000 
0.30000 0.01000 0.21912 19.79672 
0.30000 0.02000 0.22410 19.79672 
0.30000 0.03000 0.22905 19.79672 
0.30000 0.04000 0.23396 19.79672 
0.30000 0.05000 0.23885 19.79672 
0.30000 0.06000 0.24370 19.79672 
0.30000 0.07000 0.24853 19.98026 
0.30000 0.08000 0.25332 19.98026 
0.30000 0.09000 0.25810 19.98026 
0.30000 0.10000 0.26285 19.98026 
0.30000 0.10000 0.26285 19.98026 
0.30000 0.15000 0.28626 20.16551 
0.30000 0.20000 0.30918 20.54117 
0.30000 0.25000 0.33168 20.92383 
0.30000 0.30000 0.35379 21.31362 
0.30000 0.35000 0.37555 21.91197 
0.30000 0.40000 0.39696 22.52711 
0.30000 0.45000 0.41801 23.15951 
0.30000 0.50000 0.43866 23.80968 
0.30000 0.55000 0.45887 24.70504 
0.30000 0.60000 0.47858 25.63407 
0.30000 0.65000 0.49771 26.59804 
0.30000 0.70000 0.51615 27.59826 
0.30000 0.75000 0.53381 28.63610 
0.30000 0.80000 0.55055 29.71296 
0.30000 0.85000 0.56626 30.83031 
0.30000 0.90000 0.58083 31.98969 
0.30000 0.90000 0.58083 31.98969 
0.30000 0.91000 0.58360 32.28628 
0.30000 0.92000 0.58631 32.28628 
0.30000 0.93000 0.58898 32.58562 
0.30000 0.94000 0.59159 32.88774 
0.30000 0.95000 0.59415 33.19266 
0.30000 0.96000 0.59666 33.19266 
0.30000 0.97000 0.59912 33.50041 
0.30000 0.98000 0.60152 33.50041 
0.40000 0.01000 0.26304 19.98026 
0.40000 0.02000 0.26783 19.98026 
0.40000 0.03000 0.27259 19.98026 
0.40000 0.04000 0.27735 20.16551 
0.40000 0.05000 0.28208 20.16551 
0.40000 0.06000 0.28680 20.16551 
0.40000 0.07000 0.29151 20.16551 
0.40000 0.08000 0.29621 20.35248 
0.40000 0.09000 0.30089 20.35248 
0.40000 0.10000 0.30556 20.35248 
0.40000 0.10000 0.30556 20.35248 
0.40000 0.15000 0.32874 20.73162 
0.40000 0.20000 0.35168 21.31362 
0.40000 0.25000 0.37441 21.71068 
0.40000 0.30000 0.39696 22.52711 
0.40000 0.35000 0.41933 23.15951 
0.40000 0.40000 0.44151 24.03043 
0.40000 0.45000 0.46347 24.93409 
0.40000 0.50000 0.48515 25.87174 
0.40000 0.55000 0.50649 27.09354 
0.40000 0.60000 0.52739 28.37304 
0.40000 0.65000 0.54773 29.71296 
0.40000 0.70000 0.56735 31.11616 
0.40000 0.75000 0.58609 32.58562 
0.40000 0.80000 0.60376 34.44087 
0.40000 0.85000 0.62017 36.06735 
0.40000 0.90000 0.63513 37.42366 
0.40000 0.90000 0.63513 37.42366 
0.40000 0.91000 0.63794 37.77064 
0.40000 0.92000 0.64068 38.12083 
0.40000 0.93000 0.64336 38.47427 
0.40000 0.94000 0.64597 38.83098 
0.40000 0.95000 0.64851 38.83098 
0.40000 0.96000 0.65098 39.19100 
0.40000 0.97000 0.65338 39.55436 
0.40000 0.98000 0.65571 39.92109 
0.50000 0.01000 0.30330 20.35248 
0.50000 0.02000 0.30801 20.54117 
0.50000 0.03000 0.31272 20.54117 
0.50000 0.04000 0.31742 20.54117 
0.50000 0.05000 0.32211 20.73162 
0.50000 0.06000 0.32680 20.73162 
0.50000 0.07000 0.33149 20.92383 
0.50000 0.08000 0.33617 20.92383 
0.50000 0.09000 0.34084 21.11783 
0.50000 0.10000 0.34552 21.11783 
0.50000 0.10000 0.34552 21.11783 
0.50000 0.15000 0.36884 21.71068 
0.50000 0.20000 0.39213 22.32016 
0.50000 0.25000 0.41540 22.94676 
0.50000 0.30000 0.43866 23.80968 
0.50000 0.35000 0.46192 24.70504 
0.50000 0.40000 0.48515 25.87174 
0.50000 0.45000 0.50833 27.09354 
0.50000 0.50000 0.53137 28.63610 
0.50000 0.55000 0.55420 30.26648 
0.50000 0.60000 0.57667 31.98969 
0.50000 0.65000 0.59863 34.12449 
0.50000 0.70000 0.61984 36.06735 
0.50000 0.75000 0.64007 38.47427 
0.50000 0.80000 0.65900 41.04181 
0.50000 0.85000 0.67636 43.78069 
0.50000 0.90000 0.69185 46.27332 
0.50000 0.90000 0.69185 46.27332 
0.50000 0.91000 0.69470 46.70234 
0.50000 0.92000 0.69746 47.13535 
0.50000 0.93000 0.70014 47.57236 
0.50000 0.94000 0.70272 48.01343 
0.50000 0.95000 0.70522 48.45859 
0.50000 0.96000 0.70762 48.45859 
0.50000 0.97000 0.70994 48.90787 
0.50000 0.98000 0.71216 49.36132 
0.60000 0.01000 0.34053 21.11783 
0.60000 0.02000 0.34524 21.11783 
0.60000 0.03000 0.34994 21.31362 
0.60000 0.04000 0.35465 21.31362 
0.60000 0.05000 0.35936 21.51123 
0.60000 0.06000 0.36407 21.51123 
0.60000 0.07000 0.36879 21.71068 
0.60000 0.08000 0.37351 21.71068 
0.60000 0.09000 0.37823 21.91197 
0.60000 0.10000 0.38295 22.11512 
0.60000 0.10000 0.38295 22.11512 
0.60000 0.15000 0.40664 22.73597 
0.60000 0.20000 0.43046 23.59095 
0.60000 0.25000 0.45444 24.47809 
0.60000 0.30000 0.47858 25.63407 
0.60000 0.35000 0.50291 26.84465 
0.60000 0.40000 0.52739 28.37304 
0.60000 0.45000 0.55200 29.98844 
0.60000 0.50000 0.57667 31.98969 
0.60000 0.55000 0.60130 34.44087 
0.60000 0.60000 0.62571 37.07988 
0.60000 0.65000 0.64970 39.92109 
0.60000 0.70000 0.67297 43.78069 
0.60000 0.75000 0.69516 47.57236 
0.60000 0.80000 0.71582 52.17169 
0.60000 0.85000 0.73448 56.69007 
0.60000 0.90000 0.75068 61.03390 
0.60000 0.90000 0.75068 61.03390 
0.60000 0.91000 0.75358 61.59978 
0.60000 0.92000 0.75637 62.74732 
0.60000 0.93000 0.75904 63.32908 
0.60000 0.94000 0.76159 63.91624 
0.60000 0.95000 0.76401 64.50884 
0.60000 0.96000 0.76631 65.10694 
0.60000 0.97000 0.76849 65.71058 
0.60000 0.98000 0.77053 66.31981 
0.70000 0.01000 0.37496 21.91197 
0.70000 0.02000 0.37969 21.91197 
0.70000 0.03000 0.38443 22.11512 
0.70000 0.04000 0.38918 22.32016 
0.70000 0.05000 0.39393 22.32016 
0.70000 0.06000 0.39869 22.52711 
0.70000 0.07000 0.40346 22.73597 
0.70000 0.08000 0.40823 22.73597 
0.70000 0.09000 0.41302 22.94676 
0.70000 0.10000 0.41781 23.15951 
0.70000 0.10000 0.41781 23.15951 
0.70000 0.15000 0.44195 24.03043 
0.70000 0.20000 0.46636 24.93409 
0.70000 0.25000 0.49109 26.11161 
0.70000 0.30000 0.51615 27.59826 
0.70000 0.35000 0.54158 29.16956 
0.70000 0.40000 0.56735 31.11616 
0.70000 0.45000 0.59346 33.50041 
0.70000 0.50000 0.61984 36.06735 
0.70000 0.55000 0.64640 39.55436 
0.70000 0.60000 0.67297 43.78069 
0.70000 0.65000 0.69931 48.90787 
0.70000 0.70000 0.72506 54.63550 
0.70000 0.75000 0.74973 62.17090 
0.70000 0.80000 0.77270 70.74559 
0.70000 0.85000 0.79325 80.50292 
0.70000 0.90000 0.81059 89.93067 
0.70000 0.90000 0.81059 89.93067 
0.70000 0.91000 0.81361 91.60598 
0.70000 0.92000 0.81646 93.31251 
0.70000 0.93000 0.81915 95.05083 
0.70000 0.94000 0.82167 95.93209 
0.70000 0.95000 0.82402 97.71921 
0.70000 0.96000 0.82619 98.62522 
0.70000 0.97000 0.82818 99.53962 
0.70000 0.98000 0.83000 110.00000 
0.80000 0.01000 0.40660 22.73597 
0.80000 0.02000 0.41137 22.94676 
0.80000 0.03000 0.41614 23.15951 
0.80000 0.04000 0.42092 23.15951 
0.80000 0.05000 0.42572 23.37424 
0.80000 0.06000 0.43052 23.59095 
0.80000 0.07000 0.43535 23.80968 
0.80000 0.08000 0.44018 24.03043 
0.80000 0.09000 0.44503 24.03043 
0.80000 0.10000 0.44989 24.25323 
0.80000 0.10000 0.44989 24.25323 
0.80000 0.15000 0.47441 25.39859 
0.80000 0.20000 0.49934 26.59804 
0.80000 0.25000 0.52471 28.11239 
0.80000 0.30000 0.55055 29.71296 
0.80000 0.35000 0.57689 31.69582 
0.80000 0.40000 0.60376 34.44087 
0.80000 0.45000 0.63114 37.42366 
0.80000 0.50000 0.65900 41.04181 
0.80000 0.55000 0.68728 45.84824 
0.80000 0.60000 0.71582 52.17169 
0.80000 0.65000 0.74441 59.91770 
0.80000 0.70000 0.77270 70.74559 
0.80000 0.75000 0.80018 85.08632 
0.80000 0.80000 0.82611 110.00000 
0.80000 0.85000 0.84951 110.00000 
0.80000 0.90000 0.86912 110.00000 
0.80000 0.90000 0.86912 110.00000 
0.80000 0.91000 0.87246 110.00000 
0.80000 0.92000 0.87557 110.00000 
0.80000 0.93000 0.87846 110.00000 
0.80000 0.94000 0.88110 110.00000 
0.80000 0.95000 0.88350 110.00000 
0.80000 0.96000 0.88563 110.00000 
0.80000 0.97000 0.88750 110.00000 
0.80000 0.98000 0.88910 110.00000 
0.90000 0.01000 0.43535 23.80968 
0.90000 0.02000 0.44013 24.03043 
0.90000 0.03000 0.44492 24.03043 
0.90000 0.04000 0.44972 24.25323 
0.90000 0.05000 0.45454 24.47809 
0.90000 0.06000 0.45937 24.70504 
0.90000 0.07000 0.46422 24.93409 
0.90000 0.08000 0.46909 25.16527 
0.90000 0.09000 0.47397 25.39859 
0.90000 0.10000 0.47887 25.63407 
0.90000 0.10000 0.47887 25.63407 
0.90000 0.15000 0.50362 26.84465 
0.90000 0.20000 0.52883 28.11239 
0.90000 0.25000 0.55456 29.98844 
0.90000 0.30000 0.58083 31.98969 
0.90000 0.35000 0.60768 34.44087 
0.90000 0.40000 0.63513 37.42366 
0.90000 0.45000 0.66319 41.42232 
0.90000 0.50000 0.69185 46.27332 
0.90000 0.55000 0.72104 52.65540 
0.90000 0.60000 0.75068 61.03390 
0.90000 0.65000 0.78061 72.73165 
0.90000 0.70000 0.81059 89.93067 
0.90000 0.75000 0.84027 110.00000 
0.90000 0.80000 0.86912 110.00000 
0.90000 0.85000 0.89634 110.00000 
0.90000 0.90000 1.00000 110.00000 
0.90000 0.90000 1.00000 110.00000 
0.90000 0.91000 1.00000 110.00000 
0.90000 0.92000 1.00000 110.00000 
0.90000 0.93000 1.00000 110.00000 
0.90000 0.94000 1.00000 110.00000 
0.90000 0.95000 1.00000 110.00000 
0.90000 0.96000 1.00000 110.00000 
0.90000 0.97000 1.00000 110.00000 
0.90000 0.98000 1.00000 110.00000 
0.98000 0.01000 0.45616 24.47809 
0.98000 0.02000 0.46093 24.70504 
0.98000 0.03000 0.46571 24.93409 
0.98000 0.04000 0.47050 25.16527 
0.98000 0.05000 0.47531 25.39859 
0.98000 0.06000 0.48014 25.63407 
0.98000 0.07000 0.48498 25.87174 
0.98000 0.08000 0.48984 26.11161 
0.98000 0.09000 0.49472 26.35371 
0.98000 0.10000 0.49961 26.59804 
0.98000 0.10000 0.49961 26.59804 
0.98000 0.15000 0.52434 27.85414 
0.98000 0.20000 0.54955 29.44000 
0.98000 0.25000 0.57526 31.40465 
0.98000 0.30000 0.60152 33.50041 
0.98000 0.35000 0.62833 36.40175 
0.98000 0.40000 0.65571 39.92109 
0.98000 0.45000 0.68366 43.78069 
0.98000 0.50000 0.71216 49.36132 
0.98000 0.55000 0.74114 56.69007 
0.98000 0.60000 0.77053 66.31981 
0.98000 0.65000 0.80021 79.76339 
0.98000 0.70000 0.83000 110.00000 
0.98000 0.75000 0.85971 110.00000 
0.98000 0.80000 0.88910 110.00000 
0.98000 0.85000 1.00000 110.00000 
0.98000 0.90000 1.00000 110.00000 
0.98000 0.90000 1.00000 110.00000 
0.98000 0.91000 1.00000 110.00000 
0.98000 0.92000 1.00000 110.00000 
0.98000 0.93000 1.00000 110.00000 
0.98000 0.94000 1.00000 110.00000 
0.98000 0.95000 1.00000 110.00000 
0.98000 0.96000 1.00000 110.00000 
0.98000 0.97000 1.00000 110.00000 
0.98000 0.98000 1.00000 110.00000 
