1.20000 0.05000 0.47654 110.00000 
1.20000 0.10000 0.49691 110.00000 
1.20000 0.15000 0.51760 110.00000 
1.20000 0.20000 0.53864 110.00000 
1.20000 0.25000 0.56007 110.00000 
1.20000 0.30000 0.58191 110.00000 
1.20000 0.35000 0.60419 110.00000 
1.20000 0.40000 0.62695 110.00000 
1.20000 0.45000 0.65021 110.00000 
1.20000 0.50000 0.67400 110.00000 
1.20000 0.55000 0.69835 110.00000 
1.20000 0.60000 0.72330 110.00000 
1.20000 0.65000 0.74888 110.00000 
1.20000 0.70000 0.77510 110.00000 
1.20000 0.75000 0.80197 110.00000 
1.20000 0.80000 0.82934 110.00000 
1.20000 0.85000 0.85658 110.00000 
1.20000 0.90000 0.88158 110.00000 
1.20000 0.95000 1.00000 110.00000 
1.20000 1.00000 1.00000 110.00000 
2.00000 0.05000 0.46883 110.00000 
2.00000 0.10000 0.48115 110.00000 
2.00000 0.15000 0.49359 110.00000 
2.00000 0.20000 0.50613 110.00000 
2.00000 0.25000 0.51879 110.00000 
2.00000 0.30000 0.53157 110.00000 
2.00000 0.35000 0.54447 110.00000 
2.00000 0.40000 0.55748 110.00000 
2.00000 0.45000 0.57061 110.00000 
2.00000 0.50000 0.58385 110.00000 
2.00000 0.55000 0.59719 110.00000 
2.00000 0.60000 0.61062 110.00000 
2.00000 0.65000 0.62411 110.00000 
2.00000 0.70000 0.63763 110.00000 
2.00000 0.75000 0.65116 110.00000 
2.00000 0.80000 0.66463 110.00000 
2.00000 0.85000 0.67797 110.00000 
2.00000 0.90000 0.69111 110.00000 
2.00000 0.95000 0.70394 110.00000 
2.00000 1.00000 0.71632 110.00000 
3.00000 0.05000 0.46477 110.00000 
3.00000 0.10000 0.47301 110.00000 
3.00000 0.15000 0.48127 110.00000 
3.00000 0.20000 0.48957 110.00000 
3.00000 0.25000 0.49791 110.00000 
3.00000 0.30000 0.50627 110.00000 
3.00000 0.35000 0.51467 110.00000 
3.00000 0.40000 0.52309 110.00000 
3.00000 0.45000 0.53153 110.00000 
3.00000 0.50000 0.54000 110.00000 
3.00000 0.55000 0.54848 110.00000 
3.00000 0.60000 0.55696 110.00000 
3.00000 0.65000 0.56545 110.00000 
3.00000 0.70000 0.57393 110.00000 
3.00000 0.75000 0.58239 110.00000 
3.00000 0.80000 0.59082 110.00000 
3.00000 0.85000 0.59920 110.00000 
3.00000 0.90000 0.60752 110.00000 
3.00000 0.95000 0.61577 110.00000 
3.00000 1.00000 0.62391 110.00000 
4.00000 0.05000 0.46270 110.00000 
4.00000 0.10000 0.46888 110.00000 
4.00000 0.15000 0.47506 110.00000 
4.00000 0.20000 0.48126 110.00000 
4.00000 0.25000 0.48747 110.00000 
4.00000 0.30000 0.49369 110.00000 
4.00000 0.35000 0.49991 110.00000 
4.00000 0.40000 0.50613 110.00000 
4.00000 0.45000 0.51236 110.00000 
4.00000 0.50000 0.51858 110.00000 
4.00000 0.55000 0.52481 110.00000 
4.00000 0.60000 0.53102 110.00000 
4.00000 0.65000 0.53723 110.00000 
4.00000 0.70000 0.54342 110.00000 
4.00000 0.75000 0.54959 110.00000 
4.00000 0.80000 0.55573 110.00000 
4.00000 0.85000 0.56185 110.00000 
4.00000 0.90000 0.56793 110.00000 
4.00000 0.95000 0.57397 110.00000 
4.00000 1.00000 0.57996 110.00000 
5.00000 0.05000 0.46144 110.00000 
5.00000 0.10000 0.46638 110.00000 
5.00000 0.15000 0.47133 110.00000 
5.00000 0.20000 0.47627 110.00000 
5.00000 0.25000 0.48122 110.00000 
5.00000 0.30000 0.48616 110.00000 
5.00000 0.35000 0.49110 110.00000 
5.00000 0.40000 0.49604 110.00000 
5.00000 0.45000 0.50097 110.00000 
5.00000 0.50000 0.50590 110.00000 
5.00000 0.55000 0.51082 110.00000 
5.00000 0.60000 0.51572 110.00000 
5.00000 0.65000 0.52062 110.00000 
5.00000 0.70000 0.52549 110.00000 
5.00000 0.75000 0.53036 110.00000 
5.00000 0.80000 0.53520 110.00000 
5.00000 0.85000 0.54001 110.00000 
5.00000 0.90000 0.54481 110.00000 
5.00000 0.95000 0.54957 110.00000 
5.00000 1.00000 0.55430 110.00000 
