1.20000 1.05000 1.00000 110.00000 
1.20000 1.10000 1.00000 110.00000 
1.20000 1.15000 0.89873 110.00000 
1.20000 1.20000 0.88873 110.00000 
1.20000 1.25000 0.87723 110.00000 
1.20000 1.30000 0.86491 110.00000 
1.20000 1.35000 0.85224 110.00000 
1.20000 1.40000 0.83952 79.76339 
1.20000 1.45000 0.82691 47.57236 
1.20000 1.50000 0.81345 0.97719 
1.20000 1.55000 0.80078 0.85086 
1.20000 1.60000 0.78892 0.76166 
1.20000 1.65000 0.77780 0.69452 
1.20000 1.70000 0.76736 0.63329 
1.20000 1.75000 0.75755 0.74087 
1.20000 1.80000 0.74832 0.54636 
1.20000 1.85000 0.73963 0.68182 
1.20000 1.90000 0.73142 0.66320 
1.20000 1.95000 0.72366 0.46273 
1.20000 2.00000 0.71632 0.43781 
1.20000 2.05000 0.70937 0.42194 
1.20000 2.10000 0.70277 0.75467 
1.20000 2.15000 0.69650 0.47572 
1.20000 2.20000 0.69055 0.37424 
1.20000 2.25000 0.68487 0.36402 
1.20000 2.30000 0.67947 0.38831 
1.20000 2.35000 0.67431 0.34124 
1.20000 2.40000 0.66938 0.58822 
1.20000 2.45000 0.66467 0.72064 
1.20000 2.50000 0.66017 0.68814 
1.20000 2.55000 0.65585 0.68182 
1.20000 2.60000 0.65172 0.30266 
1.20000 2.65000 0.64775 0.29713 
1.20000 2.70000 0.64393 0.78305 
1.20000 2.75000 0.64027 0.28636 
1.20000 2.80000 0.63675 0.28112 
1.20000 2.85000 0.63336 0.27598 
1.20000 2.90000 0.63010 0.27345 
1.20000 2.95000 0.62695 0.26845 
1.20000 3.00000 0.62391 0.76873 
1.20000 3.05000 0.62099 0.66320 
1.20000 3.10000 0.61816 0.25872 
1.20000 3.15000 0.61543 0.25399 
1.20000 3.20000 0.61279 0.25165 
1.20000 3.25000 0.61023 0.70096 
1.20000 3.30000 0.60776 0.24705 
1.20000 3.35000 0.60536 0.24478 
1.20000 3.40000 0.60304 0.50747 
1.20000 3.45000 0.60080 0.70746 
1.20000 3.50000 0.59862 0.49819 
1.20000 3.55000 0.59650 0.76166 
1.20000 3.60000 0.59445 0.52172 
1.20000 3.65000 0.59245 0.23160 
1.20000 3.70000 0.59052 0.69452 
1.20000 3.75000 0.58863 0.38831 
1.20000 3.80000 0.58680 0.22527 
1.20000 3.85000 0.58502 0.22320 
1.20000 3.90000 0.58329 0.22320 
1.20000 3.95000 0.58161 0.55653 
1.20000 4.00000 0.57996 0.78305 
1.20000 4.05000 0.57837 0.21912 
1.20000 4.10000 0.57681 0.21711 
1.20000 4.15000 0.57529 0.21511 
1.20000 4.20000 0.57381 0.21511 
1.20000 4.25000 0.57236 0.49819 
1.20000 4.30000 0.57095 0.21118 
1.20000 4.35000 0.56958 0.34441 
1.20000 4.40000 0.56824 0.20924 
1.20000 4.45000 0.56692 0.79763 
1.20000 4.50000 0.56564 0.20732 
1.20000 4.55000 0.56439 0.69452 
1.20000 4.60000 0.56317 0.50747 
1.20000 4.65000 0.56197 0.78305 
1.20000 4.70000 0.56081 0.65711 
1.20000 4.75000 0.55966 0.20352 
1.20000 4.80000 0.55854 0.20166 
1.20000 4.85000 0.55745 0.20166 
1.20000 4.90000 0.55638 0.19980 
1.20000 4.95000 0.55533 0.48908 
1.20000 5.00000 0.55430 0.74087 
2.00000 1.05000 0.71632 0.43781 
2.00000 1.10000 0.71632 0.43781 
2.00000 1.15000 0.71632 0.43781 
2.00000 1.20000 0.71632 0.43781 
2.00000 1.25000 0.71632 0.43781 
2.00000 1.30000 0.71632 0.43781 
2.00000 1.35000 0.71632 0.43781 
2.00000 1.40000 0.71632 0.43781 
2.00000 1.45000 0.71632 0.43781 
2.00000 1.50000 0.71632 0.43781 
2.00000 1.55000 0.71632 0.43781 
2.00000 1.60000 0.71632 0.43781 
2.00000 1.65000 0.71622 19.98026 
2.00000 1.70000 0.71490 28.11239 
2.00000 1.75000 0.71314 31.40465 
2.00000 1.80000 0.71103 33.50041 
2.00000 1.85000 0.70860 34.44087 
2.00000 1.90000 0.70590 35.08247 
2.00000 1.95000 0.70295 35.08247 
2.00000 2.00000 0.69979 34.44087 
2.00000 2.05000 0.69644 33.81101 
2.00000 2.10000 0.69293 32.58562 
2.00000 2.15000 0.68928 30.83031 
2.00000 2.20000 0.68551 29.16956 
2.00000 2.25000 0.68163 26.84465 
2.00000 2.30000 0.67767 24.25323 
2.00000 2.35000 0.67361 20.54117 
2.00000 2.40000 0.66938 10.86606 
2.00000 2.45000 0.66467 0.34124 
2.00000 2.50000 0.66017 0.70096 
2.00000 2.55000 0.65585 0.71402 
2.00000 2.60000 0.65172 0.30266 
2.00000 2.65000 0.64775 0.29713 
2.00000 2.70000 0.64393 0.63329 
2.00000 2.75000 0.64027 0.28636 
2.00000 2.80000 0.63675 0.28112 
2.00000 2.85000 0.63336 0.27598 
2.00000 2.90000 0.63010 0.27345 
2.00000 2.95000 0.62695 0.26845 
2.00000 3.00000 0.62391 0.74087 
2.00000 3.05000 0.62099 0.44596 
2.00000 3.10000 0.61816 0.25872 
2.00000 3.15000 0.61543 0.25634 
2.00000 3.20000 0.61279 0.25165 
2.00000 3.25000 0.61023 0.40665 
2.00000 3.30000 0.60776 0.24705 
2.00000 3.35000 0.60536 0.24478 
2.00000 3.40000 0.60304 0.66935 
2.00000 3.45000 0.60080 0.68182 
2.00000 3.50000 0.59862 0.40665 
2.00000 3.55000 0.59650 0.32286 
2.00000 3.60000 0.59445 0.61034 
2.00000 3.65000 0.59245 0.23160 
2.00000 3.70000 0.59052 0.74087 
2.00000 3.75000 0.58863 0.56169 
2.00000 3.80000 0.58680 0.22527 
2.00000 3.85000 0.58502 0.22527 
2.00000 3.90000 0.58329 0.22320 
2.00000 3.95000 0.58161 0.49361 
2.00000 4.00000 0.57996 0.73406 
2.00000 4.05000 0.57837 0.21912 
2.00000 4.10000 0.57681 0.21711 
2.00000 4.15000 0.57529 0.21511 
2.00000 4.20000 0.57381 0.21511 
2.00000 4.25000 0.57236 0.47135 
2.00000 4.30000 0.57095 0.21118 
2.00000 4.35000 0.56958 0.45427 
2.00000 4.40000 0.56824 0.20924 
2.00000 4.45000 0.56692 0.74087 
2.00000 4.50000 0.56564 0.20732 
2.00000 4.55000 0.56439 0.71402 
2.00000 4.60000 0.56317 0.72064 
2.00000 4.65000 0.56197 0.59367 
2.00000 4.70000 0.56081 0.57746 
2.00000 4.75000 0.55966 0.20352 
2.00000 4.80000 0.55854 0.20166 
2.00000 4.85000 0.55745 0.20166 
2.00000 4.90000 0.55638 0.20166 
2.00000 4.95000 0.55533 0.40291 
2.00000 5.00000 0.55430 0.68814 
3.00000 1.05000 0.62391 0.70746 
3.00000 1.10000 0.62391 0.70746 
3.00000 1.15000 0.62391 0.70746 
3.00000 1.20000 0.62391 0.76166 
3.00000 1.25000 0.62391 0.76166 
3.00000 1.30000 0.62391 0.76166 
3.00000 1.35000 0.62391 0.77585 
3.00000 1.40000 0.62391 0.77585 
3.00000 1.45000 0.62391 0.70746 
3.00000 1.50000 0.62391 0.77585 
3.00000 1.55000 0.62391 0.70746 
3.00000 1.60000 0.62391 0.77585 
3.00000 1.65000 0.62391 0.76873 
3.00000 1.70000 0.62391 0.76873 
3.00000 1.75000 0.62391 0.74087 
3.00000 1.80000 0.62391 0.74087 
3.00000 1.85000 0.62391 0.74087 
3.00000 1.90000 0.62391 0.77585 
3.00000 1.95000 0.62391 0.77585 
3.00000 2.00000 0.62391 0.74087 
3.00000 2.05000 0.62391 0.70746 
3.00000 2.10000 0.62391 0.76873 
3.00000 2.15000 0.62391 0.74087 
3.00000 2.20000 0.62391 0.70746 
3.00000 2.25000 0.62391 0.74773 
3.00000 2.30000 0.62391 0.74773 
3.00000 2.35000 0.62391 0.81249 
3.00000 2.40000 0.62391 0.81249 
3.00000 2.45000 0.62391 0.76873 
3.00000 2.50000 0.62391 0.72064 
3.00000 2.55000 0.62390 10.56935 
3.00000 2.60000 0.62347 15.71784 
3.00000 2.65000 0.62283 17.88566 
3.00000 2.70000 0.62205 19.25614 
3.00000 2.75000 0.62115 20.35248 
3.00000 2.80000 0.62014 21.11783 
3.00000 2.85000 0.61903 21.51123 
3.00000 2.90000 0.61784 21.91197 
3.00000 2.95000 0.61657 21.91197 
3.00000 3.00000 0.61523 21.91197 
3.00000 3.05000 0.61382 21.71068 
3.00000 3.10000 0.61236 21.31362 
3.00000 3.15000 0.61083 20.73162 
3.00000 3.20000 0.60926 19.98026 
3.00000 3.25000 0.60763 19.25614 
3.00000 3.30000 0.60595 18.21885 
3.00000 3.35000 0.60423 16.92220 
3.00000 3.40000 0.60244 15.28864 
3.00000 3.45000 0.60059 13.06870 
3.00000 3.50000 0.59862 0.82763 
3.00000 3.55000 0.59650 0.71402 
3.00000 3.60000 0.59445 0.40291 
3.00000 3.65000 0.59245 0.23160 
3.00000 3.70000 0.59052 0.77585 
3.00000 3.75000 0.58863 0.56690 
3.00000 3.80000 0.58680 0.22527 
3.00000 3.85000 0.58502 0.22320 
3.00000 3.90000 0.58329 0.22320 
3.00000 3.95000 0.58161 0.24705 
3.00000 4.00000 0.57996 0.72732 
3.00000 4.05000 0.57837 0.21912 
3.00000 4.10000 0.57681 0.21711 
3.00000 4.15000 0.57529 0.21511 
3.00000 4.20000 0.57381 0.21511 
3.00000 4.25000 0.57236 0.44187 
3.00000 4.30000 0.57095 0.21118 
3.00000 4.35000 0.56958 0.23160 
3.00000 4.40000 0.56824 0.20924 
3.00000 4.45000 0.56692 0.77585 
3.00000 4.50000 0.56564 0.20732 
3.00000 4.55000 0.56439 0.72064 
3.00000 4.60000 0.56317 0.34441 
3.00000 4.65000 0.56197 0.63329 
3.00000 4.70000 0.56081 0.55142 
3.00000 4.75000 0.55966 0.20352 
3.00000 4.80000 0.55854 0.20166 
3.00000 4.85000 0.55745 0.20166 
3.00000 4.90000 0.55638 0.20166 
3.00000 4.95000 0.55533 0.71402 
3.00000 5.00000 0.55430 0.52655 
4.00000 1.05000 0.57996 0.79763 
4.00000 1.10000 0.57996 0.74773 
4.00000 1.15000 0.57996 0.26598 
4.00000 1.20000 0.57996 0.73406 
4.00000 1.25000 0.57996 0.75467 
4.00000 1.30000 0.57996 0.72732 
4.00000 1.35000 0.57996 0.76166 
4.00000 1.40000 0.57996 0.77585 
4.00000 1.45000 0.57996 0.73406 
4.00000 1.50000 0.57996 0.75467 
4.00000 1.55000 0.57996 0.70096 
4.00000 1.60000 0.57996 0.76166 
4.00000 1.65000 0.57996 0.74773 
4.00000 1.70000 0.57996 0.71402 
4.00000 1.75000 0.57996 0.76166 
4.00000 1.80000 0.57996 0.77585 
4.00000 1.85000 0.57996 0.76166 
4.00000 1.90000 0.57996 0.74773 
4.00000 1.95000 0.57996 0.73406 
4.00000 2.00000 0.57996 0.73406 
4.00000 2.05000 0.57996 0.73406 
4.00000 2.10000 0.57996 0.78305 
4.00000 2.15000 0.57996 0.69452 
4.00000 2.20000 0.57996 0.74773 
4.00000 2.25000 0.57996 0.73406 
4.00000 2.30000 0.57996 0.71402 
4.00000 2.35000 0.57996 0.73406 
4.00000 2.40000 0.57996 0.73406 
4.00000 2.45000 0.57996 0.75467 
4.00000 2.50000 0.57996 0.75467 
4.00000 2.55000 0.57996 0.75467 
4.00000 2.60000 0.57996 0.70746 
4.00000 2.65000 0.57996 0.76166 
4.00000 2.70000 0.57996 0.76166 
4.00000 2.75000 0.57996 0.71402 
4.00000 2.80000 0.57996 0.75467 
4.00000 2.85000 0.57996 0.74087 
4.00000 2.90000 0.57996 0.74087 
4.00000 2.95000 0.57996 0.33811 
4.00000 3.00000 0.57996 0.72732 
4.00000 3.05000 0.57996 0.74773 
4.00000 3.10000 0.57996 0.76166 
4.00000 3.15000 0.57996 0.74773 
4.00000 3.20000 0.57996 0.77585 
4.00000 3.25000 0.57996 0.70746 
4.00000 3.30000 0.57996 0.75467 
4.00000 3.35000 0.57996 0.79031 
4.00000 3.40000 0.57996 0.70096 
4.00000 3.45000 0.57996 0.73406 
4.00000 3.50000 0.57986 11.27468 
4.00000 3.55000 0.57959 13.31216 
4.00000 3.60000 0.57924 14.73454 
4.00000 3.65000 0.57881 15.71784 
4.00000 3.70000 0.57832 16.46012 
4.00000 3.75000 0.57778 16.92220 
4.00000 3.80000 0.57719 17.39726 
4.00000 3.85000 0.57656 17.72136 
4.00000 3.90000 0.57589 17.88566 
4.00000 3.95000 0.57518 18.05149 
4.00000 4.00000 0.57444 17.88566 
4.00000 4.05000 0.57367 17.88566 
4.00000 4.10000 0.57286 17.72136 
4.00000 4.15000 0.57203 17.39726 
4.00000 4.20000 0.57117 16.92220 
4.00000 4.25000 0.57029 16.46012 
4.00000 4.30000 0.56938 15.86357 
4.00000 4.35000 0.56843 15.14819 
4.00000 4.40000 0.56746 14.33219 
4.00000 4.45000 0.56646 13.31216 
4.00000 4.50000 0.56542 11.91660 
4.00000 4.55000 0.56434 9.90814 
4.00000 4.60000 0.56317 0.77585 
4.00000 4.65000 0.56197 0.58282 
4.00000 4.70000 0.56081 0.61034 
4.00000 4.75000 0.55966 0.20352 
4.00000 4.80000 0.55854 0.20166 
4.00000 4.85000 0.55745 0.20166 
4.00000 4.90000 0.55638 0.19980 
4.00000 4.95000 0.55533 0.76166 
4.00000 5.00000 0.55430 0.73406 
5.00000 1.05000 0.55430 0.82763 
5.00000 1.10000 0.55430 0.82003 
5.00000 1.15000 0.55430 0.71402 
5.00000 1.20000 0.55430 0.79763 
5.00000 1.25000 0.55430 0.29988 
5.00000 1.30000 0.55430 0.56169 
5.00000 1.35000 0.55430 0.81249 
5.00000 1.40000 0.55430 0.76166 
5.00000 1.45000 0.55430 0.71402 
5.00000 1.50000 0.55430 0.69452 
5.00000 1.55000 0.55430 0.73406 
5.00000 1.60000 0.55430 0.79763 
5.00000 1.65000 0.55430 0.77585 
5.00000 1.70000 0.55430 0.76166 
5.00000 1.75000 0.55430 0.74773 
5.00000 1.80000 0.55430 0.74773 
5.00000 1.85000 0.55430 0.56690 
5.00000 1.90000 0.55430 0.77585 
5.00000 1.95000 0.55430 0.74773 
5.00000 2.00000 0.55430 0.68814 
5.00000 2.05000 0.55430 0.77585 
5.00000 2.10000 0.55430 0.76873 
5.00000 2.15000 0.55430 0.70096 
5.00000 2.20000 0.55430 0.74773 
5.00000 2.25000 0.55430 0.69452 
5.00000 2.30000 0.55430 0.59918 
5.00000 2.35000 0.55430 0.73406 
5.00000 2.40000 0.55430 0.62747 
5.00000 2.45000 0.55430 0.77585 
5.00000 2.50000 0.55430 0.74773 
5.00000 2.55000 0.55430 0.74773 
5.00000 2.60000 0.55430 0.74773 
5.00000 2.65000 0.55430 0.70746 
5.00000 2.70000 0.55430 0.77585 
5.00000 2.75000 0.55430 0.23591 
5.00000 2.80000 0.55430 0.74773 
5.00000 2.85000 0.55430 0.76166 
5.00000 2.90000 0.55430 0.76166 
5.00000 2.95000 0.55430 0.76166 
5.00000 3.00000 0.55430 0.52655 
5.00000 3.05000 0.55430 0.63329 
5.00000 3.10000 0.55430 0.66935 
5.00000 3.15000 0.55430 0.69452 
5.00000 3.20000 0.55430 0.68182 
5.00000 3.25000 0.55430 0.61600 
5.00000 3.30000 0.55430 0.76873 
5.00000 3.35000 0.55430 0.52172 
5.00000 3.40000 0.55430 0.73406 
5.00000 3.45000 0.55430 0.28112 
5.00000 3.50000 0.55430 0.77585 
5.00000 3.55000 0.55430 0.79763 
5.00000 3.60000 0.55430 0.55653 
5.00000 3.65000 0.55430 0.66935 
5.00000 3.70000 0.55430 0.71402 
5.00000 3.75000 0.55430 0.74773 
5.00000 3.80000 0.55430 0.45848 
5.00000 3.85000 0.55430 0.79763 
5.00000 3.90000 0.55430 0.79763 
5.00000 3.95000 0.55430 0.71402 
5.00000 4.00000 0.55430 0.73406 
5.00000 4.05000 0.55430 0.71402 
5.00000 4.10000 0.55430 0.76166 
5.00000 4.15000 0.55430 0.79763 
5.00000 4.20000 0.55430 0.81249 
5.00000 4.25000 0.55430 0.74773 
5.00000 4.30000 0.55430 0.77585 
5.00000 4.35000 0.55430 0.71402 
5.00000 4.40000 0.55429 8.31457 
5.00000 4.45000 0.55417 10.86606 
5.00000 4.50000 0.55399 12.13859 
5.00000 4.55000 0.55376 13.18987 
5.00000 4.60000 0.55350 13.94083 
5.00000 4.65000 0.55319 14.59919 
5.00000 4.70000 0.55286 15.00903 
5.00000 4.75000 0.55250 15.43038 
5.00000 4.80000 0.55211 15.71784 
5.00000 4.85000 0.55170 15.86357 
5.00000 4.90000 0.55127 16.01064 
5.00000 4.95000 0.55082 16.15909 
5.00000 5.00000 0.55035 16.15909 
