0.10000 0.00000 0.10522 22.94676 
0.10000 0.05000 0.13710 21.31362 
0.10000 0.10000 0.16562 20.54117 
0.10000 0.15000 0.19196 20.16551 
0.10000 0.20000 0.21673 19.98026 
0.10000 0.25000 0.24028 19.79672 
0.10000 0.30000 0.26285 19.98026 
0.10000 0.35000 0.28457 20.16551 
0.10000 0.40000 0.30556 20.35248 
0.10000 0.45000 0.32586 20.73162 
0.10000 0.50000 0.34552 21.11783 
0.10000 0.55000 0.36455 21.51123 
0.10000 0.60000 0.38295 22.11512 
0.10000 0.65000 0.40072 22.52711 
0.10000 0.70000 0.41781 23.15951 
0.10000 0.75000 0.43422 23.80968 
0.10000 0.80000 0.44989 24.25323 
0.10000 0.85000 0.46478 24.93409 
0.10000 0.90000 0.47887 25.63407 
0.10000 0.95000 0.49210 26.11161 
0.10000 1.00000 0.50444 110.00000 
0.10000 1.00000 0.50444 110.00000 
0.10000 1.10000 0.50036 110.00000 
0.10000 1.20000 0.49691 110.00000 
0.10000 1.30000 0.49394 110.00000 
0.10000 1.40000 0.49137 110.00000 
0.10000 1.50000 0.48913 110.00000 
0.10000 1.75000 0.48460 110.00000 
0.10000 2.00000 0.48115 110.00000 
