1000.00000
990.81366
981.71170
972.69336
963.75787
954.90446
946.13238
937.44088
928.82923
920.29668
911.84252
903.46602
895.16647
886.94317
878.79540
870.72248
862.72373
854.79845
846.94598
839.16564
831.45678
823.81873
816.25085
808.75249
801.32301
793.96178
786.66818
779.44158
772.28136
765.18692
758.15765
751.19295
744.29223
737.45491
730.68040
723.96811
717.31749
710.72797
704.19898
697.72996
691.32038
684.96967
678.67731
672.44274
666.26545
660.14491
654.08059
648.07198
642.11857
636.21985
630.37532
624.58447
618.84682
613.16188
607.52917
601.94820
596.41849
590.93959
585.51102
580.13231
574.80302
569.52268
564.29085
559.10708
553.97093
548.88196
543.83974
538.84384
533.89384
528.98931
524.12983
519.31499
514.54439
509.81761
505.13425
500.49391
495.89620
491.34073
486.82710
482.35494
477.92386
473.53349
469.18345
464.87337
460.60288
456.37163
452.17924
448.02537
443.90965
439.83175
435.79130
431.78797
427.82142
423.89131
419.99729
416.13906
412.31626
408.52858
404.77570
401.05729
397.37304
393.72263
390.10576
386.52212
382.97139
379.45328
375.96750
372.51373
369.09169
365.70109
362.34163
359.01304
355.71502
352.44730
349.20960
346.00164
342.82315
339.67386
336.55350
333.46180
330.39851
327.36335
324.35608
321.37643
318.42416
315.49901
312.60072
309.72907
306.88379
304.06465
301.27141
298.50382
295.76167
293.04470
290.35269
287.68541
285.04263
282.42413
279.82969
277.25908
274.71208
272.18848
269.68806
267.21062
264.75593
262.32379
259.91399
257.52633
255.16061
252.81661
250.49415
248.19303
245.91304
243.65400
241.41571
239.19798
237.00063
234.82346
232.66629
230.52894
228.41122
226.31296
224.23397
222.17408
220.13311
218.11089
216.10725
214.12202
212.15502
210.20609
208.27506
206.36178
204.46607
202.58777
200.72673
198.88279
197.05578
195.24556
193.45197
191.67485
189.91406
188.16944
186.44085
184.72814
183.03117
181.34978
179.68384
178.03320
176.39773
174.77728
173.17171
171.58090
170.00470
168.44298
166.89560
165.36244
163.84336
162.33824
160.84695
159.36935
157.90533
156.45476
155.01751
153.59347
152.18251
150.78450
149.39935
148.02691
146.66709
145.31975
143.98480
142.66210
141.35156
140.05305
138.76648
137.49172
136.22868
134.97723
133.73729
132.50873
131.29146
130.08537
128.89036
127.70633
126.53318
125.37080
124.21910
123.07798
121.94734
120.82709
119.71713
118.61737
117.52771
116.44806
115.37833
114.31843
113.26826
112.22774
111.19677
110.17528
109.16317
108.16036
107.16676
106.18229
105.20687
104.24040
103.28281
102.33402
101.39395
100.46251
99.53962
98.62522
97.71921
96.82153
95.93209
95.05083
94.17766
93.31251
92.45531
91.60598
90.76446
89.93067
89.10453
88.28599
87.47496
86.67139
85.87519
85.08632
84.30468
83.53023
82.76289
82.00261
81.24930
80.50292
79.76339
79.03066
78.30465
77.58532
76.87260
76.16642
75.46673
74.77346
74.08657
73.40598
72.73165
72.06351
71.40151
70.74559
70.09570
69.45178
68.81377
68.18162
67.55528
66.93470
66.31981
65.71058
65.10694
64.50884
63.91624
63.32908
62.74732
62.17090
61.59978
61.03390
60.47322
59.91770
59.36727
58.82190
58.28155
57.74615
57.21568
56.69007
56.16930
55.65331
55.14206
54.63550
54.13360
53.63631
53.14359
52.65540
52.17169
51.69242
51.21755
50.74705
50.28087
49.81898
49.36132
48.90787
48.45859
48.01343
47.57236
47.13535
46.70234
46.27332
45.84824
45.42706
45.00975
44.59628
44.18660
43.78069
43.37850
42.98001
42.58518
42.19398
41.80637
41.42232
41.04181
40.66478
40.29122
39.92109
39.55436
39.19100
38.83098
38.47427
38.12083
37.77064
37.42366
37.07988
36.73925
36.40175
36.06735
35.73602
35.40774
35.08247
34.76019
34.44087
34.12449
33.81101
33.50041
33.19266
32.88774
32.58562
32.28628
31.98969
31.69582
31.40465
31.11616
30.83031
30.54710
30.26648
29.98844
29.71296
29.44000
29.16956
28.90160
28.63610
28.37304
28.11239
27.85414
27.59826
27.34474
27.09354
26.84465
26.59804
26.35371
26.11161
25.87174
25.63407
25.39859
25.16527
24.93409
24.70504
24.47809
24.25323
24.03043
23.80968
23.59095
23.37424
23.15951
22.94676
22.73597
22.52711
22.32016
22.11512
21.91197
21.71068
21.51123
21.31362
21.11783
20.92383
20.73162
20.54117
20.35248
20.16551
19.98026
19.79672
19.61486
19.43467
19.25614
19.07924
18.90397
18.73032
18.55825
18.38777
18.21885
18.05149
17.88566
17.72136
17.55856
17.39726
17.23745
17.07910
16.92220
16.76675
16.61273
16.46012
16.30891
16.15909
16.01064
15.86357
15.71784
15.57345
15.43038
15.28864
15.14819
15.00903
14.87115
14.73454
14.59919
14.46507
14.33219
14.20053
14.07008
13.94083
13.81276
13.68587
13.56015
13.43558
13.31216
13.18987
13.06870
12.94865
12.82970
12.71184
12.59506
12.47936
12.36472
12.25114
12.13859
12.02708
11.91660
11.80713
11.69866
11.59120
11.48472
11.37921
11.27468
11.17111
11.06848
10.96681
10.86606
10.76624
10.66734
10.56935
10.47225
10.37605
10.28073
10.18629
10.09272
10.00000
9.90814
9.81712
9.72693
9.63758
9.54904
9.46132
9.37441
9.28829
9.20297
9.11843
9.03466
8.95166
8.86943
8.78795
8.70722
8.62724
8.54798
8.46946
8.39166
8.31457
8.23819
8.16251
8.08752
8.01323
7.93962
7.86668
7.79442
7.72281
7.65187
7.58158
7.51193
7.44292
7.37455
7.30680
7.23968
7.17317
7.10728
7.04199
6.97730
6.91320
6.84970
6.78677
6.72443
6.66265
6.60145
6.54081
6.48072
6.42119
6.36220
6.30375
6.24584
6.18847
6.13162
6.07529
6.01948
5.96418
5.90940
5.85511
5.80132
5.74803
5.69523
5.64291
5.59107
5.53971
5.48882
5.43840
5.38844
5.33894
5.28989
5.24130
5.19315
5.14544
5.09818
5.05134
5.00494
4.95896
4.91341
4.86827
4.82355
4.77924
4.73533
4.69183
4.64873
4.60603
4.56372
4.52179
4.48025
4.43910
4.39832
4.35791
4.31788
4.27821
4.23891
4.19997
4.16139
4.12316
4.08529
4.04776
4.01057
3.97373
3.93723
3.90106
3.86522
3.82971
3.79453
3.75967
3.72514
3.69092
3.65701
3.62342
3.59013
3.55715
3.52447
3.49210
3.46002
3.42823
3.39674
3.36553
3.33462
3.30399
3.27363
3.24356
3.21376
3.18424
3.15499
3.12601
3.09729
3.06884
3.04065
3.01271
2.98504
2.95762
2.93045
2.90353
2.87685
2.85043
2.82424
2.79830
2.77259
2.74712
2.72188
2.69688
2.67211
2.64756
2.62324
2.59914
2.57526
2.55161
2.52817
2.50494
2.48193
2.45913
2.43654
2.41416
2.39198
2.37001
2.34823
2.32666
2.30529
2.28411
2.26313
2.24234
2.22174
2.20133
2.18111
2.16107
2.14122
2.12155
2.10206
2.08275
2.06362
2.04466
2.02588
2.00727
1.98883
1.97056
1.95246
1.93452
1.91675
1.89914
1.88169
1.86441
1.84728
1.83031
1.81350
1.79684
1.78033
1.76398
1.74777
1.73172
1.71581
1.70005
1.68443
1.66896
1.65362
1.63843
1.62338
1.60847
1.59369
1.57905
1.56455
1.55018
1.53593
1.52183
1.50785
1.49399
1.48027
1.46667
1.45320
1.43985
1.42662
1.41352
1.40053
1.38766
1.37492
1.36229
1.34977
1.33737
1.32509
1.31291
1.30085
1.28890
1.27706
1.26533
1.25371
1.24219
1.23078
1.21947
1.20827
1.19717
1.18617
1.17528
1.16448
1.15378
1.14318
1.13268
1.12228
1.11197
1.10175
1.09163
1.08160
1.07167
1.06182
1.05207
1.04240
1.03283
1.02334
1.01394
1.00463
0.99540
0.98625
0.97719
0.96822
0.95932
0.95051
0.94178
0.93313
0.92455
0.91606
0.90764
0.89931
0.89105
0.88286
0.87475
0.86671
0.85875
0.85086
0.84305
0.83530
0.82763
0.82003
0.81249
0.80503
0.79763
0.79031
0.78305
0.77585
0.76873
0.76166
0.75467
0.74773
0.74087
0.73406
0.72732
0.72064
0.71402
0.70746
0.70096
0.69452
0.68814
0.68182
0.67555
0.66935
0.66320
0.65711
0.65107
0.64509
0.63916
0.63329
0.62747
0.62171
0.61600
0.61034
0.60473
0.59918
0.59367
0.58822
0.58282
0.57746
0.57216
0.56690
0.56169
0.55653
0.55142
0.54636
0.54134
0.53636
0.53144
0.52655
0.52172
0.51692
0.51218
0.50747
0.50281
0.49819
0.49361
0.48908
0.48459
0.48013
0.47572
0.47135
0.46702
0.46273
0.45848
0.45427
0.45010
0.44596
0.44187
0.43781
0.43379
0.42980
0.42585
0.42194
0.41806
0.41422
0.41042
0.40665
0.40291
0.39921
0.39554
0.39191
0.38831
0.38474
0.38121
0.37771
0.37424
0.37080
0.36739
0.36402
0.36067
0.35736
0.35408
0.35082
0.34760
0.34441
0.34124
0.33811
0.33500
0.33193
0.32888
0.32586
0.32286
0.31990
0.31696
0.31405
0.31116
0.30830
0.30547
0.30266
0.29988
0.29713
0.29440
0.29170
0.28902
0.28636
0.28373
0.28112
0.27854
0.27598
0.27345
0.27094
0.26845
0.26598
0.26354
0.26112
0.25872
0.25634
0.25399
0.25165
0.24934
0.24705
0.24478
0.24253
0.24030
0.23810
0.23591
0.23374
0.23160
0.22947
0.22736
0.22527
0.22320
0.22115
0.21912
0.21711
0.21511
0.21314
0.21118
0.20924
0.20732
0.20541
0.20352
0.20166
0.19980
0.19797
0.19615
0.19435
0.19256
0.19079
0.18904
0.18730
0.18558
0.18388
0.18219
0.18051
0.17886
0.17721
0.17559
0.17397
0.17237
0.17079
0.16922
0.16767
0.16613
0.16460
0.16309
0.16159
0.16011
0.15864
0.15718
0.15573
0.15430
0.15289
0.15148
0.15009
0.14871
0.14735
0.14599
0.14465
0.14332
0.14201
0.14070
0.13941
0.13813
0.13686
0.13560
0.13436
0.13312
0.13190
0.13069
0.12949
0.12830
0.12712
0.12595
0.12479
0.12365
0.12251
0.12139
0.12027
0.11917
0.11807
0.11699
0.11591
0.11485
0.11379
0.11275
0.11171
0.11068
0.10967
0.10866
0.10766
0.10667
0.10569
0.10472
0.10376
0.10281
0.10186
0.10093
0.10000
