0.00000 0.00000 -0.00000 110.00000 
0.00000 0.05000 0.06731 26.84465 
0.00000 0.10000 0.10522 22.94676 
0.00000 0.15000 0.13665 21.31362 
0.00000 0.20000 0.16457 20.54117 
0.00000 0.25000 0.19018 20.16551 
0.00000 0.30000 0.21411 19.98026 
0.00000 0.35000 0.23672 19.79672 
0.00000 0.40000 0.25824 19.98026 
0.00000 0.45000 0.27883 20.16551 
0.00000 0.50000 0.29858 20.35248 
0.00000 0.55000 0.31757 20.54117 
0.00000 0.60000 0.33583 20.92383 
0.00000 0.65000 0.35338 21.31362 
0.00000 0.70000 0.37024 21.71068 
0.00000 0.75000 0.38640 22.11512 
0.00000 0.80000 0.40186 22.52711 
0.00000 0.85000 0.41659 23.15951 
0.00000 0.90000 0.43059 23.59095 
0.00000 0.95000 0.44383 24.03043 
0.00000 1.00000 0.45631 110.00000 
0.00000 1.05000 0.45631 0.19079 
0.00000 1.10000 0.45631 0.25872 
0.00000 1.15000 0.45631 0.25634 
0.00000 1.20000 0.45631 0.37424 
0.00000 1.25000 0.45631 0.37424 
0.00000 1.30000 0.45631 0.24478 
0.00000 1.35000 0.45631 0.25872 
0.00000 1.40000 0.45631 0.53144 
0.00000 1.45000 0.45631 0.25872 
0.00000 1.50000 0.45631 0.53144 
0.00000 1.55000 0.45631 0.25872 
0.00000 1.60000 0.45631 0.26354 
0.00000 1.65000 0.45631 0.22736 
0.00000 1.70000 0.45631 0.47135 
0.00000 1.75000 0.45631 0.47135 
0.00000 1.80000 0.45631 0.34124 
0.00000 1.85000 0.45631 0.25872 
0.00000 1.90000 0.45631 0.25634 
0.00000 1.95000 0.45631 0.21912 
0.00000 2.00000 0.45631 0.25872 
0.05000 0.00000 0.06731 26.84465 
0.05000 0.05000 0.10540 22.94676 
0.05000 0.10000 0.13710 21.31362 
0.05000 0.15000 0.16535 20.54117 
0.05000 0.20000 0.19136 20.16551 
0.05000 0.25000 0.21574 19.98026 
0.05000 0.30000 0.23885 19.79672 
0.05000 0.35000 0.26091 19.98026 
0.05000 0.40000 0.28208 20.16551 
0.05000 0.45000 0.30246 20.35248 
0.05000 0.50000 0.32211 20.73162 
0.05000 0.55000 0.34107 21.11783 
0.05000 0.60000 0.35936 21.51123 
0.05000 0.65000 0.37698 21.91197 
0.05000 0.70000 0.39393 22.32016 
0.05000 0.75000 0.41018 22.94676 
0.05000 0.80000 0.42572 23.37424 
0.05000 0.85000 0.44051 24.03043 
0.05000 0.90000 0.45454 24.47809 
0.05000 0.95000 0.46777 25.16527 
0.05000 1.00000 0.48018 110.00000 
0.05000 1.05000 0.47916 110.00000 
0.05000 1.10000 0.47821 110.00000 
0.05000 1.15000 0.47734 110.00000 
0.05000 1.20000 0.47654 110.00000 
0.05000 1.25000 0.47579 110.00000 
0.05000 1.30000 0.47510 110.00000 
0.05000 1.35000 0.47445 110.00000 
0.05000 1.40000 0.47385 110.00000 
0.05000 1.45000 0.47328 110.00000 
0.05000 1.50000 0.47275 110.00000 
0.05000 1.55000 0.47225 110.00000 
0.05000 1.60000 0.47178 110.00000 
0.05000 1.65000 0.47134 110.00000 
0.05000 1.70000 0.47092 110.00000 
0.05000 1.75000 0.47053 110.00000 
0.05000 1.80000 0.47015 110.00000 
0.05000 1.85000 0.46980 110.00000 
0.05000 1.90000 0.46946 110.00000 
0.05000 1.95000 0.46914 110.00000 
0.05000 2.00000 0.46883 110.00000 
0.10000 0.00000 0.10522 22.94676 
0.10000 0.05000 0.13710 21.31362 
0.10000 0.10000 0.16562 20.54117 
0.10000 0.15000 0.19196 20.16551 
0.10000 0.20000 0.21673 19.98026 
0.10000 0.25000 0.24028 19.79672 
0.10000 0.30000 0.26285 19.98026 
0.10000 0.35000 0.28457 20.16551 
0.10000 0.40000 0.30556 20.35248 
0.10000 0.45000 0.32586 20.73162 
0.10000 0.50000 0.34552 21.11783 
0.10000 0.55000 0.36455 21.51123 
0.10000 0.60000 0.38295 22.11512 
0.10000 0.65000 0.40072 22.52711 
0.10000 0.70000 0.41781 23.15951 
0.10000 0.75000 0.43422 23.80968 
0.10000 0.80000 0.44989 24.25323 
0.10000 0.85000 0.46478 24.93409 
0.10000 0.90000 0.47887 25.63407 
0.10000 0.95000 0.49210 26.11161 
0.10000 1.00000 0.50444 110.00000 
0.10000 1.05000 0.50232 110.00000 
0.10000 1.10000 0.50036 110.00000 
0.10000 1.15000 0.49857 110.00000 
0.10000 1.20000 0.49691 110.00000 
0.10000 1.25000 0.49537 110.00000 
0.10000 1.30000 0.49394 110.00000 
0.10000 1.35000 0.49261 110.00000 
0.10000 1.40000 0.49137 110.00000 
0.10000 1.45000 0.49022 110.00000 
0.10000 1.50000 0.48913 110.00000 
0.10000 1.55000 0.48811 110.00000 
0.10000 1.60000 0.48715 110.00000 
0.10000 1.65000 0.48625 110.00000 
0.10000 1.70000 0.48540 110.00000 
0.10000 1.75000 0.48460 110.00000 
0.10000 1.80000 0.48383 110.00000 
0.10000 1.85000 0.48311 110.00000 
0.10000 1.90000 0.48243 110.00000 
0.10000 1.95000 0.48177 110.00000 
0.10000 2.00000 0.48115 110.00000 
0.15000 0.00000 0.13665 21.31362 
0.15000 0.05000 0.16535 20.54117 
0.15000 0.10000 0.19196 20.16551 
0.15000 0.15000 0.21706 19.98026 
0.15000 0.20000 0.24101 19.79672 
0.15000 0.25000 0.26402 19.98026 
0.15000 0.30000 0.28626 20.16551 
0.15000 0.35000 0.30781 20.54117 
0.15000 0.40000 0.32874 20.73162 
0.15000 0.45000 0.34908 21.11783 
0.15000 0.50000 0.36884 21.71068 
0.15000 0.55000 0.38804 22.11512 
0.15000 0.60000 0.40664 22.73597 
0.15000 0.65000 0.42462 23.37424 
0.15000 0.70000 0.44195 24.03043 
0.15000 0.75000 0.45856 24.70504 
0.15000 0.80000 0.47441 25.39859 
0.15000 0.85000 0.48945 26.11161 
0.15000 0.90000 0.50362 26.84465 
0.15000 0.95000 0.51686 27.59826 
0.15000 1.00000 0.52914 110.00000 
0.15000 1.05000 0.52588 110.00000 
0.15000 1.10000 0.52289 110.00000 
0.15000 1.15000 0.52014 110.00000 
0.15000 1.20000 0.51760 110.00000 
0.15000 1.25000 0.51525 110.00000 
0.15000 1.30000 0.51306 110.00000 
0.15000 1.35000 0.51103 110.00000 
0.15000 1.40000 0.50914 110.00000 
0.15000 1.45000 0.50737 110.00000 
0.15000 1.50000 0.50572 110.00000 
0.15000 1.55000 0.50417 110.00000 
0.15000 1.60000 0.50271 110.00000 
0.15000 1.65000 0.50133 110.00000 
0.15000 1.70000 0.50004 110.00000 
0.15000 1.75000 0.49881 110.00000 
0.15000 1.80000 0.49765 110.00000 
0.15000 1.85000 0.49656 110.00000 
0.15000 1.90000 0.49552 110.00000 
0.15000 1.95000 0.49453 110.00000 
0.15000 2.00000 0.49359 110.00000 
0.20000 0.00000 0.16457 20.54117 
0.20000 0.05000 0.19136 20.16551 
0.20000 0.10000 0.21673 19.98026 
0.20000 0.15000 0.24101 19.79672 
0.20000 0.20000 0.26442 19.98026 
0.20000 0.25000 0.28711 20.16551 
0.20000 0.30000 0.30918 20.54117 
0.20000 0.35000 0.33069 20.92383 
0.20000 0.40000 0.35168 21.31362 
0.20000 0.45000 0.37216 21.71068 
0.20000 0.50000 0.39213 22.32016 
0.20000 0.55000 0.41157 22.94676 
0.20000 0.60000 0.43046 23.59095 
0.20000 0.65000 0.44874 24.25323 
0.20000 0.70000 0.46636 24.93409 
0.20000 0.75000 0.48325 25.87174 
0.20000 0.80000 0.49934 26.59804 
0.20000 0.85000 0.51456 27.34474 
0.20000 0.90000 0.52883 28.11239 
0.20000 0.95000 0.54210 29.16956 
0.20000 1.00000 0.55430 110.00000 
0.20000 1.05000 0.54988 110.00000 
0.20000 1.10000 0.54583 110.00000 
0.20000 1.15000 0.54209 110.00000 
0.20000 1.20000 0.53864 110.00000 
0.20000 1.25000 0.53545 110.00000 
0.20000 1.30000 0.53249 110.00000 
0.20000 1.35000 0.52974 110.00000 
0.20000 1.40000 0.52717 110.00000 
0.20000 1.45000 0.52477 110.00000 
0.20000 1.50000 0.52253 110.00000 
0.20000 1.55000 0.52043 110.00000 
0.20000 1.60000 0.51845 110.00000 
0.20000 1.65000 0.51659 110.00000 
0.20000 1.70000 0.51484 110.00000 
0.20000 1.75000 0.51319 110.00000 
0.20000 1.80000 0.51162 110.00000 
0.20000 1.85000 0.51014 110.00000 
0.20000 1.90000 0.50874 110.00000 
0.20000 1.95000 0.50740 110.00000 
0.20000 2.00000 0.50613 110.00000 
0.25000 0.00000 0.19018 20.16551 
0.25000 0.05000 0.21574 19.98026 
0.25000 0.10000 0.24028 19.79672 
0.25000 0.15000 0.26402 19.98026 
0.25000 0.20000 0.28711 20.16551 
0.25000 0.25000 0.30964 20.54117 
0.25000 0.30000 0.33168 20.92383 
0.25000 0.35000 0.35326 21.31362 
0.25000 0.40000 0.37441 21.71068 
0.25000 0.45000 0.39513 22.32016 
0.25000 0.50000 0.41540 22.94676 
0.25000 0.55000 0.43518 23.80968 
0.25000 0.60000 0.45444 24.47809 
0.25000 0.65000 0.47310 25.39859 
0.25000 0.70000 0.49109 26.11161 
0.25000 0.75000 0.50832 27.09354 
0.25000 0.80000 0.52471 28.11239 
0.25000 0.85000 0.54015 28.90160 
0.25000 0.90000 0.55456 29.98844 
0.25000 0.95000 0.56785 30.83031 
0.25000 1.00000 0.57996 110.00000 
0.25000 1.05000 0.57436 110.00000 
0.25000 1.10000 0.56921 110.00000 
0.25000 1.15000 0.56446 110.00000 
0.25000 1.20000 0.56007 110.00000 
0.25000 1.25000 0.55601 110.00000 
0.25000 1.30000 0.55224 110.00000 
0.25000 1.35000 0.54874 110.00000 
0.25000 1.40000 0.54548 110.00000 
0.25000 1.45000 0.54243 110.00000 
0.25000 1.50000 0.53958 110.00000 
0.25000 1.55000 0.53691 110.00000 
0.25000 1.60000 0.53440 110.00000 
0.25000 1.65000 0.53204 110.00000 
0.25000 1.70000 0.52982 110.00000 
0.25000 1.75000 0.52772 110.00000 
0.25000 1.80000 0.52574 110.00000 
0.25000 1.85000 0.52387 110.00000 
0.25000 1.90000 0.52209 110.00000 
0.25000 1.95000 0.52040 110.00000 
0.25000 2.00000 0.51879 110.00000 
0.30000 0.00000 0.21411 19.98026 
0.30000 0.05000 0.23885 19.79672 
0.30000 0.10000 0.26285 19.98026 
0.30000 0.15000 0.28626 20.16551 
0.30000 0.20000 0.30918 20.54117 
0.30000 0.25000 0.33168 20.92383 
0.30000 0.30000 0.35379 21.31362 
0.30000 0.35000 0.37555 21.91197 
0.30000 0.40000 0.39696 22.52711 
0.30000 0.45000 0.41801 23.15951 
0.30000 0.50000 0.43866 23.80968 
0.30000 0.55000 0.45887 24.70504 
0.30000 0.60000 0.47858 25.63407 
0.30000 0.65000 0.49771 26.59804 
0.30000 0.70000 0.51615 27.59826 
0.30000 0.75000 0.53381 28.63610 
0.30000 0.80000 0.55055 29.71296 
0.30000 0.85000 0.56626 30.83031 
0.30000 0.90000 0.58083 31.98969 
0.30000 0.95000 0.59415 33.19266 
0.30000 1.00000 0.60615 110.00000 
0.30000 1.05000 0.59935 110.00000 
0.30000 1.10000 0.59307 110.00000 
0.30000 1.15000 0.58727 110.00000 
0.30000 1.20000 0.58191 110.00000 
0.30000 1.25000 0.57695 110.00000 
0.30000 1.30000 0.57235 110.00000 
0.30000 1.35000 0.56807 110.00000 
0.30000 1.40000 0.56408 110.00000 
0.30000 1.45000 0.56036 110.00000 
0.30000 1.50000 0.55689 110.00000 
0.30000 1.55000 0.55363 110.00000 
0.30000 1.60000 0.55057 110.00000 
0.30000 1.65000 0.54769 110.00000 
0.30000 1.70000 0.54499 110.00000 
0.30000 1.75000 0.54243 110.00000 
0.30000 1.80000 0.54002 110.00000 
0.30000 1.85000 0.53774 110.00000 
0.30000 1.90000 0.53557 110.00000 
0.30000 1.95000 0.53352 110.00000 
0.30000 2.00000 0.53157 110.00000 
0.35000 0.00000 0.23672 19.79672 
0.35000 0.05000 0.26091 19.98026 
0.35000 0.10000 0.28457 20.16551 
0.35000 0.15000 0.30781 20.54117 
0.35000 0.20000 0.33069 20.92383 
0.35000 0.25000 0.35326 21.31362 
0.35000 0.30000 0.37555 21.91197 
0.35000 0.35000 0.39758 22.52711 
0.35000 0.40000 0.41933 23.15951 
0.35000 0.45000 0.44079 24.03043 
0.35000 0.50000 0.46192 24.70504 
0.35000 0.55000 0.48265 25.87174 
0.35000 0.60000 0.50291 26.84465 
0.35000 0.65000 0.52259 28.11239 
0.35000 0.70000 0.54158 29.16956 
0.35000 0.75000 0.55973 30.54710 
0.35000 0.80000 0.57689 31.69582 
0.35000 0.85000 0.59293 33.19266 
0.35000 0.90000 0.60768 34.44087 
0.35000 0.95000 0.62103 35.73602 
0.35000 1.00000 0.63289 110.00000 
0.35000 1.05000 0.62486 110.00000 
0.35000 1.10000 0.61743 110.00000 
0.35000 1.15000 0.61056 110.00000 
0.35000 1.20000 0.60419 110.00000 
0.35000 1.25000 0.59830 110.00000 
0.35000 1.30000 0.59283 110.00000 
0.35000 1.35000 0.58774 110.00000 
0.35000 1.40000 0.58300 110.00000 
0.35000 1.45000 0.57858 110.00000 
0.35000 1.50000 0.57445 110.00000 
0.35000 1.55000 0.57059 110.00000 
0.35000 1.60000 0.56696 110.00000 
0.35000 1.65000 0.56355 110.00000 
0.35000 1.70000 0.56034 110.00000 
0.35000 1.75000 0.55732 110.00000 
0.35000 1.80000 0.55446 110.00000 
0.35000 1.85000 0.55176 110.00000 
0.35000 1.90000 0.54920 110.00000 
0.35000 1.95000 0.54677 110.00000 
0.35000 2.00000 0.54447 110.00000 
0.40000 0.00000 0.25824 19.98026 
0.40000 0.05000 0.28208 20.16551 
0.40000 0.10000 0.30556 20.35248 
0.40000 0.15000 0.32874 20.73162 
0.40000 0.20000 0.35168 21.31362 
0.40000 0.25000 0.37441 21.71068 
0.40000 0.30000 0.39696 22.52711 
0.40000 0.35000 0.41933 23.15951 
0.40000 0.40000 0.44151 24.03043 
0.40000 0.45000 0.46347 24.93409 
0.40000 0.50000 0.48515 25.87174 
0.40000 0.55000 0.50649 27.09354 
0.40000 0.60000 0.52739 28.37304 
0.40000 0.65000 0.54773 29.71296 
0.40000 0.70000 0.56735 31.11616 
0.40000 0.75000 0.58609 32.58562 
0.40000 0.80000 0.60376 34.44087 
0.40000 0.85000 0.62017 36.06735 
0.40000 0.90000 0.63513 37.42366 
0.40000 0.95000 0.64851 38.83098 
0.40000 1.00000 0.66017 110.00000 
0.40000 1.05000 0.65093 110.00000 
0.40000 1.10000 0.64234 110.00000 
0.40000 1.15000 0.63435 110.00000 
0.40000 1.20000 0.62695 110.00000 
0.40000 1.25000 0.62008 110.00000 
0.40000 1.30000 0.61370 110.00000 
0.40000 1.35000 0.60778 110.00000 
0.40000 1.40000 0.60226 110.00000 
0.40000 1.45000 0.59711 110.00000 
0.40000 1.50000 0.59230 110.00000 
0.40000 1.55000 0.58780 110.00000 
0.40000 1.60000 0.58358 110.00000 
0.40000 1.65000 0.57962 110.00000 
0.40000 1.70000 0.57589 110.00000 
0.40000 1.75000 0.57238 110.00000 
0.40000 1.80000 0.56906 110.00000 
0.40000 1.85000 0.56593 110.00000 
0.40000 1.90000 0.56296 110.00000 
0.40000 1.95000 0.56015 110.00000 
0.40000 2.00000 0.55748 110.00000 
0.45000 0.00000 0.27883 20.16551 
0.45000 0.05000 0.30246 20.35248 
0.45000 0.10000 0.32586 20.73162 
0.45000 0.15000 0.34908 21.11783 
0.45000 0.20000 0.37216 21.71068 
0.45000 0.25000 0.39513 22.32016 
0.45000 0.30000 0.41801 23.15951 
0.45000 0.35000 0.44079 24.03043 
0.45000 0.40000 0.46347 24.93409 
0.45000 0.45000 0.48600 25.87174 
0.45000 0.50000 0.50833 27.09354 
0.45000 0.55000 0.53037 28.63610 
0.45000 0.60000 0.55200 29.98844 
0.45000 0.65000 0.57310 31.69582 
0.45000 0.70000 0.59346 33.50041 
0.45000 0.75000 0.61288 35.40774 
0.45000 0.80000 0.63114 37.42366 
0.45000 0.85000 0.64799 39.19100 
0.45000 0.90000 0.66319 41.42232 
0.45000 0.95000 0.67657 42.98001 
0.45000 1.00000 0.68799 110.00000 
0.45000 1.05000 0.67758 110.00000 
0.45000 1.10000 0.66781 110.00000 
0.45000 1.15000 0.65869 110.00000 
0.45000 1.20000 0.65021 110.00000 
0.45000 1.25000 0.64233 110.00000 
0.45000 1.30000 0.63500 110.00000 
0.45000 1.35000 0.62820 110.00000 
0.45000 1.40000 0.62186 110.00000 
0.45000 1.45000 0.61595 110.00000 
0.45000 1.50000 0.61043 110.00000 
0.45000 1.55000 0.60527 110.00000 
0.45000 1.60000 0.60044 110.00000 
0.45000 1.65000 0.59590 110.00000 
0.45000 1.70000 0.59163 110.00000 
0.45000 1.75000 0.58761 110.00000 
0.45000 1.80000 0.58383 110.00000 
0.45000 1.85000 0.58025 110.00000 
0.45000 1.90000 0.57686 110.00000 
0.45000 1.95000 0.57365 110.00000 
0.45000 2.00000 0.57061 110.00000 
0.50000 0.00000 0.29858 20.35248 
0.50000 0.05000 0.32211 20.73162 
0.50000 0.10000 0.34552 21.11783 
0.50000 0.15000 0.36884 21.71068 
0.50000 0.20000 0.39213 22.32016 
0.50000 0.25000 0.41540 22.94676 
0.50000 0.30000 0.43866 23.80968 
0.50000 0.35000 0.46192 24.70504 
0.50000 0.40000 0.48515 25.87174 
0.50000 0.45000 0.50833 27.09354 
0.50000 0.50000 0.53137 28.63610 
0.50000 0.55000 0.55420 30.26648 
0.50000 0.60000 0.57667 31.98969 
0.50000 0.65000 0.59863 34.12449 
0.50000 0.70000 0.61984 36.06735 
0.50000 0.75000 0.64007 38.47427 
0.50000 0.80000 0.65900 41.04181 
0.50000 0.85000 0.67636 43.78069 
0.50000 0.90000 0.69185 46.27332 
0.50000 0.95000 0.70522 48.45859 
0.50000 1.00000 0.71632 110.00000 
0.50000 1.05000 0.70482 110.00000 
0.50000 1.10000 0.69388 110.00000 
0.50000 1.15000 0.68360 110.00000 
0.50000 1.20000 0.67400 110.00000 
0.50000 1.25000 0.66506 110.00000 
0.50000 1.30000 0.65674 110.00000 
0.50000 1.35000 0.64901 110.00000 
0.50000 1.40000 0.64182 110.00000 
0.50000 1.45000 0.63511 110.00000 
0.50000 1.50000 0.62885 110.00000 
0.50000 1.55000 0.62300 110.00000 
0.50000 1.60000 0.61753 110.00000 
0.50000 1.65000 0.61239 110.00000 
0.50000 1.70000 0.60757 110.00000 
0.50000 1.75000 0.60303 110.00000 
0.50000 1.80000 0.59875 110.00000 
0.50000 1.85000 0.59471 110.00000 
0.50000 1.90000 0.59089 110.00000 
0.50000 1.95000 0.58728 110.00000 
0.50000 2.00000 0.58385 110.00000 
0.55000 0.00000 0.31757 20.54117 
0.55000 0.05000 0.34107 21.11783 
0.55000 0.10000 0.36455 21.51123 
0.55000 0.15000 0.38804 22.11512 
0.55000 0.20000 0.41157 22.94676 
0.55000 0.25000 0.43518 23.80968 
0.55000 0.30000 0.45887 24.70504 
0.55000 0.35000 0.48265 25.87174 
0.55000 0.40000 0.50649 27.09354 
0.55000 0.45000 0.53037 28.63610 
0.55000 0.50000 0.55420 30.26648 
0.55000 0.55000 0.57789 31.98969 
0.55000 0.60000 0.60130 34.44087 
0.55000 0.65000 0.62422 36.73925 
0.55000 0.70000 0.64640 39.55436 
0.55000 0.75000 0.66754 42.58518 
0.55000 0.80000 0.68728 45.84824 
0.55000 0.85000 0.70523 49.36132 
0.55000 0.90000 0.72104 52.65540 
0.55000 0.95000 0.73439 55.14206 
0.55000 1.00000 0.74510 110.00000 
0.55000 1.05000 0.73265 110.00000 
0.55000 1.10000 0.72058 110.00000 
0.55000 1.15000 0.70912 110.00000 
0.55000 1.20000 0.69835 110.00000 
0.55000 1.25000 0.68830 110.00000 
0.55000 1.30000 0.67894 110.00000 
0.55000 1.35000 0.67024 110.00000 
0.55000 1.40000 0.66214 110.00000 
0.55000 1.45000 0.65459 110.00000 
0.55000 1.50000 0.64756 110.00000 
0.55000 1.55000 0.64099 110.00000 
0.55000 1.60000 0.63485 110.00000 
0.55000 1.65000 0.62909 110.00000 
0.55000 1.70000 0.62369 110.00000 
0.55000 1.75000 0.61861 110.00000 
0.55000 1.80000 0.61382 110.00000 
0.55000 1.85000 0.60931 110.00000 
0.55000 1.90000 0.60505 110.00000 
0.55000 1.95000 0.60101 110.00000 
0.55000 2.00000 0.59719 110.00000 
0.60000 0.00000 0.33583 20.92383 
0.60000 0.05000 0.35936 21.51123 
0.60000 0.10000 0.38295 22.11512 
0.60000 0.15000 0.40664 22.73597 
0.60000 0.20000 0.43046 23.59095 
0.60000 0.25000 0.45444 24.47809 
0.60000 0.30000 0.47858 25.63407 
0.60000 0.35000 0.50291 26.84465 
0.60000 0.40000 0.52739 28.37304 
0.60000 0.45000 0.55200 29.98844 
0.60000 0.50000 0.57667 31.98969 
0.60000 0.55000 0.60130 34.44087 
0.60000 0.60000 0.62571 37.07988 
0.60000 0.65000 0.64970 39.92109 
0.60000 0.70000 0.67297 43.78069 
0.60000 0.75000 0.69516 47.57236 
0.60000 0.80000 0.71582 52.17169 
0.60000 0.85000 0.73448 56.69007 
0.60000 0.90000 0.75068 61.03390 
0.60000 0.95000 0.76401 64.50884 
0.60000 1.00000 0.77425 110.00000 
0.60000 1.05000 0.76108 110.00000 
0.60000 1.10000 0.74795 110.00000 
0.60000 1.15000 0.73529 110.00000 
0.60000 1.20000 0.72330 110.00000 
0.60000 1.25000 0.71207 110.00000 
0.60000 1.30000 0.70160 110.00000 
0.60000 1.35000 0.69187 110.00000 
0.60000 1.40000 0.68281 110.00000 
0.60000 1.45000 0.67439 110.00000 
0.60000 1.50000 0.66654 110.00000 
0.60000 1.55000 0.65922 110.00000 
0.60000 1.60000 0.65238 110.00000 
0.60000 1.65000 0.64598 110.00000 
0.60000 1.70000 0.63998 110.00000 
0.60000 1.75000 0.63434 110.00000 
0.60000 1.80000 0.62903 110.00000 
0.60000 1.85000 0.62403 110.00000 
0.60000 1.90000 0.61931 110.00000 
0.60000 1.95000 0.61484 110.00000 
0.60000 2.00000 0.61062 110.00000 
0.65000 0.00000 0.35338 21.31362 
0.65000 0.05000 0.37698 21.91197 
0.65000 0.10000 0.40072 22.52711 
0.65000 0.15000 0.42462 23.37424 
0.65000 0.20000 0.44874 24.25323 
0.65000 0.25000 0.47310 25.39859 
0.65000 0.30000 0.49771 26.59804 
0.65000 0.35000 0.52259 28.11239 
0.65000 0.40000 0.54773 29.71296 
0.65000 0.45000 0.57310 31.69582 
0.65000 0.50000 0.59863 34.12449 
0.65000 0.55000 0.62422 36.73925 
0.65000 0.60000 0.64970 39.92109 
0.65000 0.65000 0.67484 44.18660 
0.65000 0.70000 0.69931 48.90787 
0.65000 0.75000 0.72268 54.13360 
0.65000 0.80000 0.74441 59.91770 
0.65000 0.85000 0.76393 66.31981 
0.65000 0.90000 0.78061 72.73165 
0.65000 0.95000 0.79395 77.58532 
0.65000 1.00000 0.80363 110.00000 
0.65000 1.05000 0.79014 110.00000 
0.65000 1.10000 0.77605 110.00000 
0.65000 1.15000 0.76216 110.00000 
0.65000 1.20000 0.74888 110.00000 
0.65000 1.25000 0.73638 110.00000 
0.65000 1.30000 0.72473 110.00000 
0.65000 1.35000 0.71389 110.00000 
0.65000 1.40000 0.70382 110.00000 
0.65000 1.45000 0.69447 110.00000 
0.65000 1.50000 0.68577 110.00000 
0.65000 1.55000 0.67766 110.00000 
0.65000 1.60000 0.67010 110.00000 
0.65000 1.65000 0.66303 110.00000 
0.65000 1.70000 0.65640 110.00000 
0.65000 1.75000 0.65019 110.00000 
0.65000 1.80000 0.64434 110.00000 
0.65000 1.85000 0.63884 110.00000 
0.65000 1.90000 0.63365 110.00000 
0.65000 1.95000 0.62875 110.00000 
0.65000 2.00000 0.62411 110.00000 
0.70000 0.00000 0.37024 21.71068 
0.70000 0.05000 0.39393 22.32016 
0.70000 0.10000 0.41781 23.15951 
0.70000 0.15000 0.44195 24.03043 
0.70000 0.20000 0.46636 24.93409 
0.70000 0.25000 0.49109 26.11161 
0.70000 0.30000 0.51615 27.59826 
0.70000 0.35000 0.54158 29.16956 
0.70000 0.40000 0.56735 31.11616 
0.70000 0.45000 0.59346 33.50041 
0.70000 0.50000 0.61984 36.06735 
0.70000 0.55000 0.64640 39.55436 
0.70000 0.60000 0.67297 43.78069 
0.70000 0.65000 0.69931 48.90787 
0.70000 0.70000 0.72506 54.63550 
0.70000 0.75000 0.74973 62.17090 
0.70000 0.80000 0.77270 70.74559 
0.70000 0.85000 0.79325 80.50292 
0.70000 0.90000 0.81059 89.93067 
0.70000 0.95000 0.82402 97.71921 
0.70000 1.00000 0.83309 110.00000 
0.70000 1.05000 0.81987 110.00000 
0.70000 1.10000 0.80499 110.00000 
0.70000 1.15000 0.78980 110.00000 
0.70000 1.20000 0.77510 110.00000 
0.70000 1.25000 0.76122 110.00000 
0.70000 1.30000 0.74827 110.00000 
0.70000 1.35000 0.73625 110.00000 
0.70000 1.40000 0.72511 110.00000 
0.70000 1.45000 0.71478 110.00000 
0.70000 1.50000 0.70518 110.00000 
0.70000 1.55000 0.69626 110.00000 
0.70000 1.60000 0.68795 110.00000 
0.70000 1.65000 0.68019 110.00000 
0.70000 1.70000 0.67292 110.00000 
0.70000 1.75000 0.66612 110.00000 
0.70000 1.80000 0.65973 110.00000 
0.70000 1.85000 0.65371 110.00000 
0.70000 1.90000 0.64804 110.00000 
0.70000 1.95000 0.64269 110.00000 
0.70000 2.00000 0.63763 110.00000 
0.75000 0.00000 0.38640 22.11512 
0.75000 0.05000 0.41018 22.94676 
0.75000 0.10000 0.43422 23.80968 
0.75000 0.15000 0.45856 24.70504 
0.75000 0.20000 0.48325 25.87174 
0.75000 0.25000 0.50832 27.09354 
0.75000 0.30000 0.53381 28.63610 
0.75000 0.35000 0.55973 30.54710 
0.75000 0.40000 0.58609 32.58562 
0.75000 0.45000 0.61288 35.40774 
0.75000 0.50000 0.64007 38.47427 
0.75000 0.55000 0.66754 42.58518 
0.75000 0.60000 0.69516 47.57236 
0.75000 0.65000 0.72268 54.13360 
0.75000 0.70000 0.74973 62.17090 
0.75000 0.75000 0.77579 72.73165 
0.75000 0.80000 0.80018 85.08632 
0.75000 0.85000 0.82200 110.00000 
0.75000 0.90000 0.84027 110.00000 
0.75000 0.95000 0.85398 110.00000 
0.75000 1.00000 0.86245 110.00000 
0.75000 1.05000 0.85044 110.00000 
0.75000 1.10000 0.83495 110.00000 
0.75000 1.15000 0.81832 110.00000 
0.75000 1.20000 0.80197 110.00000 
0.75000 1.25000 0.78651 110.00000 
0.75000 1.30000 0.77214 110.00000 
0.75000 1.35000 0.75884 110.00000 
0.75000 1.40000 0.74656 110.00000 
0.75000 1.45000 0.73520 110.00000 
0.75000 1.50000 0.72469 110.00000 
0.75000 1.55000 0.71492 110.00000 
0.75000 1.60000 0.70584 110.00000 
0.75000 1.65000 0.69738 110.00000 
0.75000 1.70000 0.68947 110.00000 
0.75000 1.75000 0.68207 110.00000 
0.75000 1.80000 0.67512 110.00000 
0.75000 1.85000 0.66859 110.00000 
0.75000 1.90000 0.66244 110.00000 
0.75000 1.95000 0.65664 110.00000 
0.75000 2.00000 0.65116 110.00000 
0.80000 0.00000 0.40186 22.52711 
0.80000 0.05000 0.42572 23.37424 
0.80000 0.10000 0.44989 24.25323 
0.80000 0.15000 0.47441 25.39859 
0.80000 0.20000 0.49934 26.59804 
0.80000 0.25000 0.52471 28.11239 
0.80000 0.30000 0.55055 29.71296 
0.80000 0.35000 0.57689 31.69582 
0.80000 0.40000 0.60376 34.44087 
0.80000 0.45000 0.63114 37.42366 
0.80000 0.50000 0.65900 41.04181 
0.80000 0.55000 0.68728 45.84824 
0.80000 0.60000 0.71582 52.17169 
0.80000 0.65000 0.74441 59.91770 
0.80000 0.70000 0.77270 70.74559 
0.80000 0.75000 0.80018 85.08632 
0.80000 0.80000 0.82611 110.00000 
0.80000 0.85000 0.84951 110.00000 
0.80000 0.90000 0.86912 110.00000 
0.80000 0.95000 0.88350 110.00000 
0.80000 1.00000 0.89148 110.00000 
0.80000 1.05000 0.88205 110.00000 
0.80000 1.10000 0.86624 110.00000 
0.80000 1.15000 0.84775 110.00000 
0.80000 1.20000 0.82934 110.00000 
0.80000 1.25000 0.81204 110.00000 
0.80000 1.30000 0.79609 110.00000 
0.80000 1.35000 0.78143 110.00000 
0.80000 1.40000 0.76796 110.00000 
0.80000 1.45000 0.75556 110.00000 
0.80000 1.50000 0.74411 110.00000 
0.80000 1.55000 0.73350 110.00000 
0.80000 1.60000 0.72366 110.00000 
0.80000 1.65000 0.71449 110.00000 
0.80000 1.70000 0.70594 110.00000 
0.80000 1.75000 0.69794 110.00000 
0.80000 1.80000 0.69045 110.00000 
0.80000 1.85000 0.68340 110.00000 
0.80000 1.90000 0.67678 110.00000 
0.80000 1.95000 0.67053 110.00000 
0.80000 2.00000 0.66463 110.00000 
0.85000 0.00000 0.41659 23.15951 
0.85000 0.05000 0.44051 24.03043 
0.85000 0.10000 0.46478 24.93409 
0.85000 0.15000 0.48945 26.11161 
0.85000 0.20000 0.51456 27.34474 
0.85000 0.25000 0.54015 28.90160 
0.85000 0.30000 0.56626 30.83031 
0.85000 0.35000 0.59293 33.19266 
0.85000 0.40000 0.62017 36.06735 
0.85000 0.45000 0.64799 39.19100 
0.85000 0.50000 0.67636 43.78069 
0.85000 0.55000 0.70523 49.36132 
0.85000 0.60000 0.73448 56.69007 
0.85000 0.65000 0.76393 66.31981 
0.85000 0.70000 0.79325 80.50292 
0.85000 0.75000 0.82200 110.00000 
0.85000 0.80000 0.84951 110.00000 
0.85000 0.85000 0.87478 110.00000 
0.85000 0.90000 0.89634 110.00000 
0.85000 0.95000 1.00000 110.00000 
0.85000 1.00000 1.00000 110.00000 
0.85000 1.05000 1.00000 110.00000 
0.85000 1.10000 0.89862 110.00000 
0.85000 1.15000 0.87762 110.00000 
0.85000 1.20000 0.85658 110.00000 
0.85000 1.25000 0.83718 110.00000 
0.85000 1.30000 0.81956 110.00000 
0.85000 1.35000 0.80355 110.00000 
0.85000 1.40000 0.78892 110.00000 
0.85000 1.45000 0.77552 110.00000 
0.85000 1.50000 0.76317 110.00000 
0.85000 1.55000 0.75177 110.00000 
0.85000 1.60000 0.74119 110.00000 
0.85000 1.65000 0.73136 110.00000 
0.85000 1.70000 0.72219 110.00000 
0.85000 1.75000 0.71362 110.00000 
0.85000 1.80000 0.70559 110.00000 
0.85000 1.85000 0.69806 110.00000 
0.85000 1.90000 0.69097 110.00000 
0.85000 1.95000 0.68428 110.00000 
0.85000 2.00000 0.67797 110.00000 
0.90000 0.00000 0.43059 23.59095 
0.90000 0.05000 0.45454 24.47809 
0.90000 0.10000 0.47887 25.63407 
0.90000 0.15000 0.50362 26.84465 
0.90000 0.20000 0.52883 28.11239 
0.90000 0.25000 0.55456 29.98844 
0.90000 0.30000 0.58083 31.98969 
0.90000 0.35000 0.60768 34.44087 
0.90000 0.40000 0.63513 37.42366 
0.90000 0.45000 0.66319 41.42232 
0.90000 0.50000 0.69185 46.27332 
0.90000 0.55000 0.72104 52.65540 
0.90000 0.60000 0.75068 61.03390 
0.90000 0.65000 0.78061 72.73165 
0.90000 0.70000 0.81059 89.93067 
0.90000 0.75000 0.84027 110.00000 
0.90000 0.80000 0.86912 110.00000 
0.90000 0.85000 0.89634 110.00000 
0.90000 0.90000 1.00000 110.00000 
0.90000 0.95000 1.00000 110.00000 
0.90000 1.00000 1.00000 110.00000 
0.90000 1.05000 1.00000 110.00000 
0.90000 1.10000 1.00000 110.00000 
0.90000 1.15000 1.00000 110.00000 
0.90000 1.20000 0.88158 110.00000 
0.90000 1.25000 0.86043 110.00000 
0.90000 1.30000 0.84147 110.00000 
0.90000 1.35000 0.82436 110.00000 
0.90000 1.40000 0.80880 110.00000 
0.90000 1.45000 0.79457 110.00000 
0.90000 1.50000 0.78148 110.00000 
0.90000 1.55000 0.76938 110.00000 
0.90000 1.60000 0.75817 110.00000 
0.90000 1.65000 0.74774 110.00000 
0.90000 1.70000 0.73802 110.00000 
0.90000 1.75000 0.72893 110.00000 
0.90000 1.80000 0.72042 110.00000 
0.90000 1.85000 0.71242 110.00000 
0.90000 1.90000 0.70490 110.00000 
0.90000 1.95000 0.69781 110.00000 
0.90000 2.00000 0.69111 110.00000 
0.95000 0.00000 0.44383 24.03043 
0.95000 0.05000 0.46777 25.16527 
0.95000 0.10000 0.49210 26.11161 
0.95000 0.15000 0.51686 27.59826 
0.95000 0.20000 0.54210 29.16956 
0.95000 0.25000 0.56785 30.83031 
0.95000 0.30000 0.59415 33.19266 
0.95000 0.35000 0.62103 35.73602 
0.95000 0.40000 0.64851 38.83098 
0.95000 0.45000 0.67657 42.98001 
0.95000 0.50000 0.70522 48.45859 
0.95000 0.55000 0.73439 55.14206 
0.95000 0.60000 0.76401 64.50884 
0.95000 0.65000 0.79395 77.58532 
0.95000 0.70000 0.82402 97.71921 
0.95000 0.75000 0.85398 110.00000 
0.95000 0.80000 0.88350 110.00000 
0.95000 0.85000 1.00000 110.00000 
0.95000 0.90000 1.00000 110.00000 
0.95000 0.95000 1.00000 110.00000 
0.95000 1.00000 1.00000 110.00000 
0.95000 1.05000 1.00000 110.00000 
0.95000 1.10000 1.00000 110.00000 
0.95000 1.15000 1.00000 110.00000 
0.95000 1.20000 1.00000 110.00000 
0.95000 1.25000 0.87919 110.00000 
0.95000 1.30000 0.86004 110.00000 
0.95000 1.35000 0.84262 110.00000 
0.95000 1.40000 0.82667 110.00000 
0.95000 1.45000 0.81200 110.00000 
0.95000 1.50000 0.79845 110.00000 
0.95000 1.55000 0.78590 110.00000 
0.95000 1.60000 0.77422 110.00000 
0.95000 1.65000 0.76335 110.00000 
0.95000 1.70000 0.75318 110.00000 
0.95000 1.75000 0.74366 110.00000 
0.95000 1.80000 0.73473 110.00000 
0.95000 1.85000 0.72634 110.00000 
0.95000 1.90000 0.71844 110.00000 
0.95000 1.95000 0.71098 110.00000 
0.95000 2.00000 0.70394 110.00000 
1.00000 0.00000 0.45631 110.00000 
1.00000 0.05000 0.48018 110.00000 
1.00000 0.10000 0.50444 110.00000 
1.00000 0.15000 0.52914 110.00000 
1.00000 0.20000 0.55430 110.00000 
1.00000 0.25000 0.57996 110.00000 
1.00000 0.30000 0.60615 110.00000 
1.00000 0.35000 0.63289 110.00000 
1.00000 0.40000 0.66017 110.00000 
1.00000 0.45000 0.68799 110.00000 
1.00000 0.50000 0.71632 110.00000 
1.00000 0.55000 0.74510 110.00000 
1.00000 0.60000 0.77425 110.00000 
1.00000 0.65000 0.80363 110.00000 
1.00000 0.70000 0.83309 110.00000 
1.00000 0.75000 0.86245 110.00000 
1.00000 0.80000 0.89148 110.00000 
1.00000 0.85000 1.00000 110.00000 
1.00000 0.90000 1.00000 110.00000 
1.00000 0.95000 1.00000 110.00000 
1.00000 1.00000 1.00000 110.00000 
1.00000 1.05000 1.00000 110.00000 
1.00000 1.10000 1.00000 110.00000 
1.00000 1.15000 1.00000 110.00000 
1.00000 1.20000 1.00000 110.00000 
1.00000 1.25000 0.89148 110.00000 
1.00000 1.30000 0.87366 110.00000 
1.00000 1.35000 0.85703 110.00000 
1.00000 1.40000 0.84150 110.00000 
1.00000 1.45000 0.82700 110.00000 
1.00000 1.50000 0.81345 110.00000 
1.00000 1.55000 0.80078 110.00000 
1.00000 1.60000 0.78892 110.00000 
1.00000 1.65000 0.77780 110.00000 
1.00000 1.70000 0.76736 110.00000 
1.00000 1.75000 0.75755 110.00000 
1.00000 1.80000 0.74832 110.00000 
1.00000 1.85000 0.73963 110.00000 
1.00000 1.90000 0.73142 110.00000 
1.00000 1.95000 0.72366 110.00000 
1.00000 2.00000 0.71632 110.00000 
1.05000 0.00000 0.45631 0.19079 
1.05000 0.05000 0.47916 110.00000 
1.05000 0.10000 0.50232 110.00000 
1.05000 0.15000 0.52588 110.00000 
1.05000 0.20000 0.54988 110.00000 
1.05000 0.25000 0.57436 110.00000 
1.05000 0.30000 0.59935 110.00000 
1.05000 0.35000 0.62486 110.00000 
1.05000 0.40000 0.65093 110.00000 
1.05000 0.45000 0.67758 110.00000 
1.05000 0.50000 0.70482 110.00000 
1.05000 0.55000 0.73265 110.00000 
1.05000 0.60000 0.76108 110.00000 
1.05000 0.65000 0.79014 110.00000 
1.05000 0.70000 0.81987 110.00000 
1.05000 0.75000 0.85044 110.00000 
1.05000 0.80000 0.88205 110.00000 
1.05000 0.85000 1.00000 110.00000 
1.05000 0.90000 1.00000 110.00000 
1.05000 0.95000 1.00000 110.00000 
1.05000 1.00000 1.00000 110.00000 
1.05000 1.05000 1.00000 110.00000 
1.05000 1.10000 1.00000 110.00000 
1.05000 1.15000 1.00000 110.00000 
1.05000 1.20000 1.00000 110.00000 
1.05000 1.25000 0.89148 1.78033 
1.05000 1.30000 0.87366 1.26533 
1.05000 1.35000 0.85703 1.12228 
1.05000 1.40000 0.84150 1.11197 
1.05000 1.45000 0.82700 1.12228 
1.05000 1.50000 0.81345 0.97719 
1.05000 1.55000 0.80078 0.85086 
1.05000 1.60000 0.78892 0.76166 
1.05000 1.65000 0.77780 0.69452 
1.05000 1.70000 0.76736 0.63329 
1.05000 1.75000 0.75755 0.63329 
1.05000 1.80000 0.74832 0.54636 
1.05000 1.85000 0.73963 0.75467 
1.05000 1.90000 0.73142 0.79031 
1.05000 1.95000 0.72366 0.46273 
1.05000 2.00000 0.71632 0.43781 
1.10000 0.00000 0.45631 0.25872 
1.10000 0.05000 0.47821 110.00000 
1.10000 0.10000 0.50036 110.00000 
1.10000 0.15000 0.52289 110.00000 
1.10000 0.20000 0.54583 110.00000 
1.10000 0.25000 0.56921 110.00000 
1.10000 0.30000 0.59307 110.00000 
1.10000 0.35000 0.61743 110.00000 
1.10000 0.40000 0.64234 110.00000 
1.10000 0.45000 0.66781 110.00000 
1.10000 0.50000 0.69388 110.00000 
1.10000 0.55000 0.72058 110.00000 
1.10000 0.60000 0.74795 110.00000 
1.10000 0.65000 0.77605 110.00000 
1.10000 0.70000 0.80499 110.00000 
1.10000 0.75000 0.83495 110.00000 
1.10000 0.80000 0.86624 110.00000 
1.10000 0.85000 0.89862 110.00000 
1.10000 0.90000 1.00000 110.00000 
1.10000 0.95000 1.00000 110.00000 
1.10000 1.00000 1.00000 110.00000 
1.10000 1.05000 1.00000 110.00000 
1.10000 1.10000 1.00000 110.00000 
1.10000 1.15000 1.00000 110.00000 
1.10000 1.20000 1.00000 110.00000 
1.10000 1.25000 0.88986 110.00000 
1.10000 1.30000 0.87366 1.40053 
1.10000 1.35000 0.85703 1.14318 
1.10000 1.40000 0.84150 1.10175 
1.10000 1.45000 0.82700 1.12228 
1.10000 1.50000 0.81345 0.97719 
1.10000 1.55000 0.80078 0.85086 
1.10000 1.60000 0.78892 0.76166 
1.10000 1.65000 0.77780 0.69452 
1.10000 1.70000 0.76736 0.63329 
1.10000 1.75000 0.75755 0.75467 
1.10000 1.80000 0.74832 0.54636 
1.10000 1.85000 0.73963 0.67555 
1.10000 1.90000 0.73142 0.65711 
1.10000 1.95000 0.72366 0.46273 
1.10000 2.00000 0.71632 0.43781 
1.15000 0.00000 0.45631 0.25634 
1.15000 0.05000 0.47734 110.00000 
1.15000 0.10000 0.49857 110.00000 
1.15000 0.15000 0.52014 110.00000 
1.15000 0.20000 0.54209 110.00000 
1.15000 0.25000 0.56446 110.00000 
1.15000 0.30000 0.58727 110.00000 
1.15000 0.35000 0.61056 110.00000 
1.15000 0.40000 0.63435 110.00000 
1.15000 0.45000 0.65869 110.00000 
1.15000 0.50000 0.68360 110.00000 
1.15000 0.55000 0.70912 110.00000 
1.15000 0.60000 0.73529 110.00000 
1.15000 0.65000 0.76216 110.00000 
1.15000 0.70000 0.78980 110.00000 
1.15000 0.75000 0.81832 110.00000 
1.15000 0.80000 0.84775 110.00000 
1.15000 0.85000 0.87762 110.00000 
1.15000 0.90000 1.00000 110.00000 
1.15000 0.95000 1.00000 110.00000 
1.15000 1.00000 1.00000 110.00000 
1.15000 1.05000 1.00000 110.00000 
1.15000 1.10000 1.00000 110.00000 
1.15000 1.15000 1.00000 110.00000 
1.15000 1.20000 0.89873 110.00000 
1.15000 1.25000 0.88469 110.00000 
1.15000 1.30000 0.87034 110.00000 
1.15000 1.35000 0.85605 89.10453 
1.15000 1.40000 0.84150 1.16448 
1.15000 1.45000 0.82700 1.12228 
1.15000 1.50000 0.81345 0.97719 
1.15000 1.55000 0.80078 0.85086 
1.15000 1.60000 0.78892 0.76166 
1.15000 1.65000 0.77780 0.69452 
1.15000 1.70000 0.76736 0.63329 
1.15000 1.75000 0.75755 0.76873 
1.15000 1.80000 0.74832 0.54636 
1.15000 1.85000 0.73963 0.58282 
1.15000 1.90000 0.73142 0.52172 
1.15000 1.95000 0.72366 0.46273 
1.15000 2.00000 0.71632 0.43781 
1.20000 0.00000 0.45631 0.37424 
1.20000 0.05000 0.47654 110.00000 
1.20000 0.10000 0.49691 110.00000 
1.20000 0.15000 0.51760 110.00000 
1.20000 0.20000 0.53864 110.00000 
1.20000 0.25000 0.56007 110.00000 
1.20000 0.30000 0.58191 110.00000 
1.20000 0.35000 0.60419 110.00000 
1.20000 0.40000 0.62695 110.00000 
1.20000 0.45000 0.65021 110.00000 
1.20000 0.50000 0.67400 110.00000 
1.20000 0.55000 0.69835 110.00000 
1.20000 0.60000 0.72330 110.00000 
1.20000 0.65000 0.74888 110.00000 
1.20000 0.70000 0.77510 110.00000 
1.20000 0.75000 0.80197 110.00000 
1.20000 0.80000 0.82934 110.00000 
1.20000 0.85000 0.85658 110.00000 
1.20000 0.90000 0.88158 110.00000 
1.20000 0.95000 1.00000 110.00000 
1.20000 1.00000 1.00000 110.00000 
1.20000 1.05000 1.00000 110.00000 
1.20000 1.10000 1.00000 110.00000 
1.20000 1.15000 0.89873 110.00000 
1.20000 1.20000 0.88873 110.00000 
1.20000 1.25000 0.87723 110.00000 
1.20000 1.30000 0.86491 110.00000 
1.20000 1.35000 0.85224 110.00000 
1.20000 1.40000 0.83952 79.76339 
1.20000 1.45000 0.82691 47.57236 
1.20000 1.50000 0.81345 0.97719 
1.20000 1.55000 0.80078 0.85086 
1.20000 1.60000 0.78892 0.76166 
1.20000 1.65000 0.77780 0.69452 
1.20000 1.70000 0.76736 0.63329 
1.20000 1.75000 0.75755 0.74087 
1.20000 1.80000 0.74832 0.54636 
1.20000 1.85000 0.73963 0.68182 
1.20000 1.90000 0.73142 0.66320 
1.20000 1.95000 0.72366 0.46273 
1.20000 2.00000 0.71632 0.43781 
1.25000 0.00000 0.45631 0.37424 
1.25000 0.05000 0.47579 110.00000 
1.25000 0.10000 0.49537 110.00000 
1.25000 0.15000 0.51525 110.00000 
1.25000 0.20000 0.53545 110.00000 
1.25000 0.25000 0.55601 110.00000 
1.25000 0.30000 0.57695 110.00000 
1.25000 0.35000 0.59830 110.00000 
1.25000 0.40000 0.62008 110.00000 
1.25000 0.45000 0.64233 110.00000 
1.25000 0.50000 0.66506 110.00000 
1.25000 0.55000 0.68830 110.00000 
1.25000 0.60000 0.71207 110.00000 
1.25000 0.65000 0.73638 110.00000 
1.25000 0.70000 0.76122 110.00000 
1.25000 0.75000 0.78651 110.00000 
1.25000 0.80000 0.81204 110.00000 
1.25000 0.85000 0.83718 110.00000 
1.25000 0.90000 0.86043 110.00000 
1.25000 0.95000 0.87919 110.00000 
1.25000 1.00000 0.89148 110.00000 
1.25000 1.05000 0.89148 1.78033 
1.25000 1.10000 0.88986 110.00000 
1.25000 1.15000 0.88469 110.00000 
1.25000 1.20000 0.87723 110.00000 
1.25000 1.25000 0.86809 110.00000 
1.25000 1.30000 0.85782 110.00000 
1.25000 1.35000 0.84686 110.00000 
1.25000 1.40000 0.83556 87.47496 
1.25000 1.45000 0.82415 70.74559 
1.25000 1.50000 0.81277 52.17169 
1.25000 1.55000 0.80078 0.85086 
1.25000 1.60000 0.78892 0.76166 
1.25000 1.65000 0.77780 0.69452 
1.25000 1.70000 0.76736 0.63329 
1.25000 1.75000 0.75755 0.63329 
1.25000 1.80000 0.74832 0.54636 
1.25000 1.85000 0.73963 0.62171 
1.25000 1.90000 0.73142 0.55142 
1.25000 1.95000 0.72366 0.46273 
1.25000 2.00000 0.71632 0.43781 
1.30000 0.00000 0.45631 0.24478 
1.30000 0.05000 0.47510 110.00000 
1.30000 0.10000 0.49394 110.00000 
1.30000 0.15000 0.51306 110.00000 
1.30000 0.20000 0.53249 110.00000 
1.30000 0.25000 0.55224 110.00000 
1.30000 0.30000 0.57235 110.00000 
1.30000 0.35000 0.59283 110.00000 
1.30000 0.40000 0.61370 110.00000 
1.30000 0.45000 0.63500 110.00000 
1.30000 0.50000 0.65674 110.00000 
1.30000 0.55000 0.67894 110.00000 
1.30000 0.60000 0.70160 110.00000 
1.30000 0.65000 0.72473 110.00000 
1.30000 0.70000 0.74827 110.00000 
1.30000 0.75000 0.77214 110.00000 
1.30000 0.80000 0.79609 110.00000 
1.30000 0.85000 0.81956 110.00000 
1.30000 0.90000 0.84147 110.00000 
1.30000 0.95000 0.86004 110.00000 
1.30000 1.00000 0.87366 110.00000 
1.30000 1.05000 0.87366 1.26533 
1.30000 1.10000 0.87366 1.40053 
1.30000 1.15000 0.87034 110.00000 
1.30000 1.20000 0.86491 110.00000 
1.30000 1.25000 0.85782 110.00000 
1.30000 1.30000 0.84946 110.00000 
1.30000 1.35000 0.84021 110.00000 
1.30000 1.40000 0.83038 89.10453 
1.30000 1.45000 0.82021 76.16642 
1.30000 1.50000 0.80990 63.91624 
1.30000 1.55000 0.79957 50.28087 
1.30000 1.60000 0.78892 0.76166 
1.30000 1.65000 0.77780 0.69452 
1.30000 1.70000 0.76736 0.63329 
1.30000 1.75000 0.75755 0.59918 
1.30000 1.80000 0.74832 0.54636 
1.30000 1.85000 0.73963 0.62171 
1.30000 1.90000 0.73142 0.66320 
1.30000 1.95000 0.72366 0.46273 
1.30000 2.00000 0.71632 0.43781 
1.35000 0.00000 0.45631 0.25872 
1.35000 0.05000 0.47445 110.00000 
1.35000 0.10000 0.49261 110.00000 
1.35000 0.15000 0.51103 110.00000 
1.35000 0.20000 0.52974 110.00000 
1.35000 0.25000 0.54874 110.00000 
1.35000 0.30000 0.56807 110.00000 
1.35000 0.35000 0.58774 110.00000 
1.35000 0.40000 0.60778 110.00000 
1.35000 0.45000 0.62820 110.00000 
1.35000 0.50000 0.64901 110.00000 
1.35000 0.55000 0.67024 110.00000 
1.35000 0.60000 0.69187 110.00000 
1.35000 0.65000 0.71389 110.00000 
1.35000 0.70000 0.73625 110.00000 
1.35000 0.75000 0.75884 110.00000 
1.35000 0.80000 0.78143 110.00000 
1.35000 0.85000 0.80355 110.00000 
1.35000 0.90000 0.82436 110.00000 
1.35000 0.95000 0.84262 110.00000 
1.35000 1.00000 0.85703 110.00000 
1.35000 1.05000 0.85703 1.12228 
1.35000 1.10000 0.85703 1.14318 
1.35000 1.15000 0.85605 89.10453 
1.35000 1.20000 0.85224 110.00000 
1.35000 1.25000 0.84686 110.00000 
1.35000 1.30000 0.84021 110.00000 
1.35000 1.35000 0.83255 95.05083 
1.35000 1.40000 0.82416 86.67139 
1.35000 1.45000 0.81526 76.87260 
1.35000 1.50000 0.80605 67.55528 
1.35000 1.55000 0.79668 57.74615 
1.35000 1.60000 0.78725 47.13535 
1.35000 1.65000 0.77778 26.11161 
1.35000 1.70000 0.76736 0.63329 
1.35000 1.75000 0.75755 0.59918 
1.35000 1.80000 0.74832 0.54636 
1.35000 1.85000 0.73963 0.64509 
1.35000 1.90000 0.73142 0.67555 
1.35000 1.95000 0.72366 0.46273 
1.35000 2.00000 0.71632 0.43781 
1.40000 0.00000 0.45631 0.53144 
1.40000 0.05000 0.47385 110.00000 
1.40000 0.10000 0.49137 110.00000 
1.40000 0.15000 0.50914 110.00000 
1.40000 0.20000 0.52717 110.00000 
1.40000 0.25000 0.54548 110.00000 
1.40000 0.30000 0.56408 110.00000 
1.40000 0.35000 0.58300 110.00000 
1.40000 0.40000 0.60226 110.00000 
1.40000 0.45000 0.62186 110.00000 
1.40000 0.50000 0.64182 110.00000 
1.40000 0.55000 0.66214 110.00000 
1.40000 0.60000 0.68281 110.00000 
1.40000 0.65000 0.70382 110.00000 
1.40000 0.70000 0.72511 110.00000 
1.40000 0.75000 0.74656 110.00000 
1.40000 0.80000 0.76796 110.00000 
1.40000 0.85000 0.78892 110.00000 
1.40000 0.90000 0.80880 110.00000 
1.40000 0.95000 0.82667 110.00000 
1.40000 1.00000 0.84150 110.00000 
1.40000 1.05000 0.84150 1.11197 
1.40000 1.10000 0.84150 1.10175 
1.40000 1.15000 0.84150 1.16448 
1.40000 1.20000 0.83952 79.76339 
1.40000 1.25000 0.83556 87.47496 
1.40000 1.30000 0.83038 89.10453 
1.40000 1.35000 0.82416 86.67139 
1.40000 1.40000 0.81712 81.24930 
1.40000 1.45000 0.80946 75.46673 
1.40000 1.50000 0.80136 68.18162 
1.40000 1.55000 0.79296 61.03390 
1.40000 1.60000 0.78440 53.14359 
1.40000 1.65000 0.77575 44.18660 
1.40000 1.70000 0.76706 31.98969 
1.40000 1.75000 0.75755 0.63329 
1.40000 1.80000 0.74832 0.54636 
1.40000 1.85000 0.73963 0.57746 
1.40000 1.90000 0.73142 0.58282 
1.40000 1.95000 0.72366 0.46273 
1.40000 2.00000 0.71632 0.43781 
1.45000 0.00000 0.45631 0.25872 
1.45000 0.05000 0.47328 110.00000 
1.45000 0.10000 0.49022 110.00000 
1.45000 0.15000 0.50737 110.00000 
1.45000 0.20000 0.52477 110.00000 
1.45000 0.25000 0.54243 110.00000 
1.45000 0.30000 0.56036 110.00000 
1.45000 0.35000 0.57858 110.00000 
1.45000 0.40000 0.59711 110.00000 
1.45000 0.45000 0.61595 110.00000 
1.45000 0.50000 0.63511 110.00000 
1.45000 0.55000 0.65459 110.00000 
1.45000 0.60000 0.67439 110.00000 
1.45000 0.65000 0.69447 110.00000 
1.45000 0.70000 0.71478 110.00000 
1.45000 0.75000 0.73520 110.00000 
1.45000 0.80000 0.75556 110.00000 
1.45000 0.85000 0.77552 110.00000 
1.45000 0.90000 0.79457 110.00000 
1.45000 0.95000 0.81200 110.00000 
1.45000 1.00000 0.82700 110.00000 
1.45000 1.05000 0.82700 1.12228 
1.45000 1.10000 0.82700 1.12228 
1.45000 1.15000 0.82700 1.12228 
1.45000 1.20000 0.82691 47.57236 
1.45000 1.25000 0.82415 70.74559 
1.45000 1.30000 0.82021 76.16642 
1.45000 1.35000 0.81526 76.87260 
1.45000 1.40000 0.80946 75.46673 
1.45000 1.45000 0.80297 72.06351 
1.45000 1.50000 0.79595 66.93470 
1.45000 1.55000 0.78853 61.59978 
1.45000 1.60000 0.78084 55.65331 
1.45000 1.65000 0.77297 48.90787 
1.45000 1.70000 0.76501 41.80637 
1.45000 1.75000 0.75699 32.28628 
1.45000 1.80000 0.74832 0.54636 
1.45000 1.85000 0.73963 0.80503 
1.45000 1.90000 0.73142 0.58282 
1.45000 1.95000 0.72366 0.46273 
1.45000 2.00000 0.71632 0.43781 
1.50000 0.00000 0.45631 0.53144 
1.50000 0.05000 0.47275 110.00000 
1.50000 0.10000 0.48913 110.00000 
1.50000 0.15000 0.50572 110.00000 
1.50000 0.20000 0.52253 110.00000 
1.50000 0.25000 0.53958 110.00000 
1.50000 0.30000 0.55689 110.00000 
1.50000 0.35000 0.57445 110.00000 
1.50000 0.40000 0.59230 110.00000 
1.50000 0.45000 0.61043 110.00000 
1.50000 0.50000 0.62885 110.00000 
1.50000 0.55000 0.64756 110.00000 
1.50000 0.60000 0.66654 110.00000 
1.50000 0.65000 0.68577 110.00000 
1.50000 0.70000 0.70518 110.00000 
1.50000 0.75000 0.72469 110.00000 
1.50000 0.80000 0.74411 110.00000 
1.50000 0.85000 0.76317 110.00000 
1.50000 0.90000 0.78148 110.00000 
1.50000 0.95000 0.79845 110.00000 
1.50000 1.00000 0.81345 110.00000 
1.50000 1.05000 0.81345 0.97719 
1.50000 1.10000 0.81345 0.97719 
1.50000 1.15000 0.81345 0.97719 
1.50000 1.20000 0.81345 0.97719 
1.50000 1.25000 0.81277 52.17169 
1.50000 1.30000 0.80990 63.91624 
1.50000 1.35000 0.80605 67.55528 
1.50000 1.40000 0.80136 68.18162 
1.50000 1.45000 0.79595 66.93470 
1.50000 1.50000 0.78995 64.50884 
1.50000 1.55000 0.78348 60.47322 
1.50000 1.60000 0.77665 56.16930 
1.50000 1.65000 0.76957 51.21755 
1.50000 1.70000 0.76232 45.84824 
1.50000 1.75000 0.75496 39.55436 
1.50000 1.80000 0.74753 31.69582 
1.50000 1.85000 0.73963 0.58822 
1.50000 1.90000 0.73142 0.55142 
1.50000 1.95000 0.72366 0.46273 
1.50000 2.00000 0.71632 0.43781 
1.55000 0.00000 0.45631 0.25872 
1.55000 0.05000 0.47225 110.00000 
1.55000 0.10000 0.48811 110.00000 
1.55000 0.15000 0.50417 110.00000 
1.55000 0.20000 0.52043 110.00000 
1.55000 0.25000 0.53691 110.00000 
1.55000 0.30000 0.55363 110.00000 
1.55000 0.35000 0.57059 110.00000 
1.55000 0.40000 0.58780 110.00000 
1.55000 0.45000 0.60527 110.00000 
1.55000 0.50000 0.62300 110.00000 
1.55000 0.55000 0.64099 110.00000 
1.55000 0.60000 0.65922 110.00000 
1.55000 0.65000 0.67766 110.00000 
1.55000 0.70000 0.69626 110.00000 
1.55000 0.75000 0.71492 110.00000 
1.55000 0.80000 0.73350 110.00000 
1.55000 0.85000 0.75177 110.00000 
1.55000 0.90000 0.76938 110.00000 
1.55000 0.95000 0.78590 110.00000 
1.55000 1.00000 0.80078 110.00000 
1.55000 1.05000 0.80078 0.85086 
1.55000 1.10000 0.80078 0.85086 
1.55000 1.15000 0.80078 0.85086 
1.55000 1.20000 0.80078 0.85086 
1.55000 1.25000 0.80078 0.85086 
1.55000 1.30000 0.79957 50.28087 
1.55000 1.35000 0.79668 57.74615 
1.55000 1.40000 0.79296 61.03390 
1.55000 1.45000 0.78853 61.59978 
1.55000 1.50000 0.78348 60.47322 
1.55000 1.55000 0.77791 58.28155 
1.55000 1.60000 0.77192 55.65331 
1.55000 1.65000 0.76562 51.69242 
1.55000 1.70000 0.75907 47.57236 
1.55000 1.75000 0.75236 42.98001 
1.55000 1.80000 0.74554 37.42366 
1.55000 1.85000 0.73863 30.83031 
1.55000 1.90000 0.73142 0.58282 
1.55000 1.95000 0.72366 0.46273 
1.55000 2.00000 0.71632 0.43781 
1.60000 0.00000 0.45631 0.26354 
1.60000 0.05000 0.47178 110.00000 
1.60000 0.10000 0.48715 110.00000 
1.60000 0.15000 0.50271 110.00000 
1.60000 0.20000 0.51845 110.00000 
1.60000 0.25000 0.53440 110.00000 
1.60000 0.30000 0.55057 110.00000 
1.60000 0.35000 0.56696 110.00000 
1.60000 0.40000 0.58358 110.00000 
1.60000 0.45000 0.60044 110.00000 
1.60000 0.50000 0.61753 110.00000 
1.60000 0.55000 0.63485 110.00000 
1.60000 0.60000 0.65238 110.00000 
1.60000 0.65000 0.67010 110.00000 
1.60000 0.70000 0.68795 110.00000 
1.60000 0.75000 0.70584 110.00000 
1.60000 0.80000 0.72366 110.00000 
1.60000 0.85000 0.74119 110.00000 
1.60000 0.90000 0.75817 110.00000 
1.60000 0.95000 0.77422 110.00000 
1.60000 1.00000 0.78892 110.00000 
1.60000 1.05000 0.78892 0.76166 
1.60000 1.10000 0.78892 0.76166 
1.60000 1.15000 0.78892 0.76166 
1.60000 1.20000 0.78892 0.76166 
1.60000 1.25000 0.78892 0.76166 
1.60000 1.30000 0.78892 0.76166 
1.60000 1.35000 0.78725 47.13535 
1.60000 1.40000 0.78440 53.14359 
1.60000 1.45000 0.78084 55.65331 
1.60000 1.50000 0.77665 56.16930 
1.60000 1.55000 0.77192 55.65331 
1.60000 1.60000 0.76674 53.63631 
1.60000 1.65000 0.76119 51.21755 
1.60000 1.70000 0.75534 48.01343 
1.60000 1.75000 0.74927 44.59628 
1.60000 1.80000 0.74304 40.29122 
1.60000 1.85000 0.73670 35.73602 
1.60000 1.90000 0.73026 29.98844 
1.60000 1.95000 0.72366 0.46273 
1.60000 2.00000 0.71632 0.43781 
1.65000 0.00000 0.45631 0.22736 
1.65000 0.05000 0.47134 110.00000 
1.65000 0.10000 0.48625 110.00000 
1.65000 0.15000 0.50133 110.00000 
1.65000 0.20000 0.51659 110.00000 
1.65000 0.25000 0.53204 110.00000 
1.65000 0.30000 0.54769 110.00000 
1.65000 0.35000 0.56355 110.00000 
1.65000 0.40000 0.57962 110.00000 
1.65000 0.45000 0.59590 110.00000 
1.65000 0.50000 0.61239 110.00000 
1.65000 0.55000 0.62909 110.00000 
1.65000 0.60000 0.64598 110.00000 
1.65000 0.65000 0.66303 110.00000 
1.65000 0.70000 0.68019 110.00000 
1.65000 0.75000 0.69738 110.00000 
1.65000 0.80000 0.71449 110.00000 
1.65000 0.85000 0.73136 110.00000 
1.65000 0.90000 0.74774 110.00000 
1.65000 0.95000 0.76335 110.00000 
1.65000 1.00000 0.77780 110.00000 
1.65000 1.05000 0.77780 0.69452 
1.65000 1.10000 0.77780 0.69452 
1.65000 1.15000 0.77780 0.69452 
1.65000 1.20000 0.77780 0.69452 
1.65000 1.25000 0.77780 0.69452 
1.65000 1.30000 0.77780 0.69452 
1.65000 1.35000 0.77778 26.11161 
1.65000 1.40000 0.77575 44.18660 
1.65000 1.45000 0.77297 48.90787 
1.65000 1.50000 0.76957 51.21755 
1.65000 1.55000 0.76562 51.69242 
1.65000 1.60000 0.76119 51.21755 
1.65000 1.65000 0.75636 49.81898 
1.65000 1.70000 0.75119 47.57236 
1.65000 1.75000 0.74575 45.00975 
1.65000 1.80000 0.74010 41.80637 
1.65000 1.85000 0.73430 38.47427 
1.65000 1.90000 0.72838 34.12449 
1.65000 1.95000 0.72236 29.16956 
1.65000 2.00000 0.71622 19.98026 
1.70000 0.00000 0.45631 0.47135 
1.70000 0.05000 0.47092 110.00000 
1.70000 0.10000 0.48540 110.00000 
1.70000 0.15000 0.50004 110.00000 
1.70000 0.20000 0.51484 110.00000 
1.70000 0.25000 0.52982 110.00000 
1.70000 0.30000 0.54499 110.00000 
1.70000 0.35000 0.56034 110.00000 
1.70000 0.40000 0.57589 110.00000 
1.70000 0.45000 0.59163 110.00000 
1.70000 0.50000 0.60757 110.00000 
1.70000 0.55000 0.62369 110.00000 
1.70000 0.60000 0.63998 110.00000 
1.70000 0.65000 0.65640 110.00000 
1.70000 0.70000 0.67292 110.00000 
1.70000 0.75000 0.68947 110.00000 
1.70000 0.80000 0.70594 110.00000 
1.70000 0.85000 0.72219 110.00000 
1.70000 0.90000 0.73802 110.00000 
1.70000 0.95000 0.75318 110.00000 
1.70000 1.00000 0.76736 110.00000 
1.70000 1.05000 0.76736 0.63329 
1.70000 1.10000 0.76736 0.63329 
1.70000 1.15000 0.76736 0.63329 
1.70000 1.20000 0.76736 0.63329 
1.70000 1.25000 0.76736 0.63329 
1.70000 1.30000 0.76736 0.63329 
1.70000 1.35000 0.76736 0.63329 
1.70000 1.40000 0.76706 31.98969 
1.70000 1.45000 0.76501 41.80637 
1.70000 1.50000 0.76232 45.84824 
1.70000 1.55000 0.75907 47.57236 
1.70000 1.60000 0.75534 48.01343 
1.70000 1.65000 0.75119 47.57236 
1.70000 1.70000 0.74666 46.70234 
1.70000 1.75000 0.74184 44.59628 
1.70000 1.80000 0.73677 42.58518 
1.70000 1.85000 0.73150 39.55436 
1.70000 1.90000 0.72608 36.40175 
1.70000 1.95000 0.72054 32.88774 
1.70000 2.00000 0.71490 28.11239 
1.75000 0.00000 0.45631 0.47135 
1.75000 0.05000 0.47053 110.00000 
1.75000 0.10000 0.48460 110.00000 
1.75000 0.15000 0.49881 110.00000 
1.75000 0.20000 0.51319 110.00000 
1.75000 0.25000 0.52772 110.00000 
1.75000 0.30000 0.54243 110.00000 
1.75000 0.35000 0.55732 110.00000 
1.75000 0.40000 0.57238 110.00000 
1.75000 0.45000 0.58761 110.00000 
1.75000 0.50000 0.60303 110.00000 
1.75000 0.55000 0.61861 110.00000 
1.75000 0.60000 0.63434 110.00000 
1.75000 0.65000 0.65019 110.00000 
1.75000 0.70000 0.66612 110.00000 
1.75000 0.75000 0.68207 110.00000 
1.75000 0.80000 0.69794 110.00000 
1.75000 0.85000 0.71362 110.00000 
1.75000 0.90000 0.72893 110.00000 
1.75000 0.95000 0.74366 110.00000 
1.75000 1.00000 0.75755 110.00000 
1.75000 1.05000 0.75755 0.63329 
1.75000 1.10000 0.75755 0.75467 
1.75000 1.15000 0.75755 0.76873 
1.75000 1.20000 0.75755 0.74087 
1.75000 1.25000 0.75755 0.63329 
1.75000 1.30000 0.75755 0.59918 
1.75000 1.35000 0.75755 0.59918 
1.75000 1.40000 0.75755 0.63329 
1.75000 1.45000 0.75699 32.28628 
1.75000 1.50000 0.75496 39.55436 
1.75000 1.55000 0.75236 42.98001 
1.75000 1.60000 0.74927 44.59628 
1.75000 1.65000 0.74575 45.00975 
1.75000 1.70000 0.74184 44.59628 
1.75000 1.75000 0.73760 43.78069 
1.75000 1.80000 0.73308 42.19398 
1.75000 1.85000 0.72834 40.29122 
1.75000 1.90000 0.72341 37.77064 
1.75000 1.95000 0.71833 34.76019 
1.75000 2.00000 0.71314 31.40465 
1.80000 0.00000 0.45631 0.34124 
1.80000 0.05000 0.47015 110.00000 
1.80000 0.10000 0.48383 110.00000 
1.80000 0.15000 0.49765 110.00000 
1.80000 0.20000 0.51162 110.00000 
1.80000 0.25000 0.52574 110.00000 
1.80000 0.30000 0.54002 110.00000 
1.80000 0.35000 0.55446 110.00000 
1.80000 0.40000 0.56906 110.00000 
1.80000 0.45000 0.58383 110.00000 
1.80000 0.50000 0.59875 110.00000 
1.80000 0.55000 0.61382 110.00000 
1.80000 0.60000 0.62903 110.00000 
1.80000 0.65000 0.64434 110.00000 
1.80000 0.70000 0.65973 110.00000 
1.80000 0.75000 0.67512 110.00000 
1.80000 0.80000 0.69045 110.00000 
1.80000 0.85000 0.70559 110.00000 
1.80000 0.90000 0.72042 110.00000 
1.80000 0.95000 0.73473 110.00000 
1.80000 1.00000 0.74832 110.00000 
1.80000 1.05000 0.74832 0.54636 
1.80000 1.10000 0.74832 0.54636 
1.80000 1.15000 0.74832 0.54636 
1.80000 1.20000 0.74832 0.54636 
1.80000 1.25000 0.74832 0.54636 
1.80000 1.30000 0.74832 0.54636 
1.80000 1.35000 0.74832 0.54636 
1.80000 1.40000 0.74832 0.54636 
1.80000 1.45000 0.74832 0.54636 
1.80000 1.50000 0.74753 31.69582 
1.80000 1.55000 0.74554 37.42366 
1.80000 1.60000 0.74304 40.29122 
1.80000 1.65000 0.74010 41.80637 
1.80000 1.70000 0.73677 42.58518 
1.80000 1.75000 0.73308 42.19398 
1.80000 1.80000 0.72910 41.42232 
1.80000 1.85000 0.72486 39.92109 
1.80000 1.90000 0.72041 38.12083 
1.80000 1.95000 0.71579 36.06735 
1.80000 2.00000 0.71103 33.50041 
1.85000 0.00000 0.45631 0.25872 
1.85000 0.05000 0.46980 110.00000 
1.85000 0.10000 0.48311 110.00000 
1.85000 0.15000 0.49656 110.00000 
1.85000 0.20000 0.51014 110.00000 
1.85000 0.25000 0.52387 110.00000 
1.85000 0.30000 0.53774 110.00000 
1.85000 0.35000 0.55176 110.00000 
1.85000 0.40000 0.56593 110.00000 
1.85000 0.45000 0.58025 110.00000 
1.85000 0.50000 0.59471 110.00000 
1.85000 0.55000 0.60931 110.00000 
1.85000 0.60000 0.62403 110.00000 
1.85000 0.65000 0.63884 110.00000 
1.85000 0.70000 0.65371 110.00000 
1.85000 0.75000 0.66859 110.00000 
1.85000 0.80000 0.68340 110.00000 
1.85000 0.85000 0.69806 110.00000 
1.85000 0.90000 0.71242 110.00000 
1.85000 0.95000 0.72634 110.00000 
1.85000 1.00000 0.73963 110.00000 
1.85000 1.05000 0.73963 0.75467 
1.85000 1.10000 0.73963 0.67555 
1.85000 1.15000 0.73963 0.58282 
1.85000 1.20000 0.73963 0.68182 
1.85000 1.25000 0.73963 0.62171 
1.85000 1.30000 0.73963 0.62171 
1.85000 1.35000 0.73963 0.64509 
1.85000 1.40000 0.73963 0.57746 
1.85000 1.45000 0.73963 0.80503 
1.85000 1.50000 0.73963 0.58822 
1.85000 1.55000 0.73863 30.83031 
1.85000 1.60000 0.73670 35.73602 
1.85000 1.65000 0.73430 38.47427 
1.85000 1.70000 0.73150 39.55436 
1.85000 1.75000 0.72834 40.29122 
1.85000 1.80000 0.72486 39.92109 
1.85000 1.85000 0.72111 39.19100 
1.85000 1.90000 0.71713 38.12083 
1.85000 1.95000 0.71295 36.40175 
1.85000 2.00000 0.70860 34.44087 
1.90000 0.00000 0.45631 0.25634 
1.90000 0.05000 0.46946 110.00000 
1.90000 0.10000 0.48243 110.00000 
1.90000 0.15000 0.49552 110.00000 
1.90000 0.20000 0.50874 110.00000 
1.90000 0.25000 0.52209 110.00000 
1.90000 0.30000 0.53557 110.00000 
1.90000 0.35000 0.54920 110.00000 
1.90000 0.40000 0.56296 110.00000 
1.90000 0.45000 0.57686 110.00000 
1.90000 0.50000 0.59089 110.00000 
1.90000 0.55000 0.60505 110.00000 
1.90000 0.60000 0.61931 110.00000 
1.90000 0.65000 0.63365 110.00000 
1.90000 0.70000 0.64804 110.00000 
1.90000 0.75000 0.66244 110.00000 
1.90000 0.80000 0.67678 110.00000 
1.90000 0.85000 0.69097 110.00000 
1.90000 0.90000 0.70490 110.00000 
1.90000 0.95000 0.71844 110.00000 
1.90000 1.00000 0.73142 110.00000 
1.90000 1.05000 0.73142 0.79031 
1.90000 1.10000 0.73142 0.65711 
1.90000 1.15000 0.73142 0.52172 
1.90000 1.20000 0.73142 0.66320 
1.90000 1.25000 0.73142 0.55142 
1.90000 1.30000 0.73142 0.66320 
1.90000 1.35000 0.73142 0.67555 
1.90000 1.40000 0.73142 0.58282 
1.90000 1.45000 0.73142 0.58282 
1.90000 1.50000 0.73142 0.55142 
1.90000 1.55000 0.73142 0.58282 
1.90000 1.60000 0.73026 29.98844 
1.90000 1.65000 0.72838 34.12449 
1.90000 1.70000 0.72608 36.40175 
1.90000 1.75000 0.72341 37.77064 
1.90000 1.80000 0.72041 38.12083 
1.90000 1.85000 0.71713 38.12083 
1.90000 1.90000 0.71359 37.42366 
1.90000 1.95000 0.70984 36.40175 
1.90000 2.00000 0.70590 35.08247 
1.95000 0.00000 0.45631 0.21912 
1.95000 0.05000 0.46914 110.00000 
1.95000 0.10000 0.48177 110.00000 
1.95000 0.15000 0.49453 110.00000 
1.95000 0.20000 0.50740 110.00000 
1.95000 0.25000 0.52040 110.00000 
1.95000 0.30000 0.53352 110.00000 
1.95000 0.35000 0.54677 110.00000 
1.95000 0.40000 0.56015 110.00000 
1.95000 0.45000 0.57365 110.00000 
1.95000 0.50000 0.58728 110.00000 
1.95000 0.55000 0.60101 110.00000 
1.95000 0.60000 0.61484 110.00000 
1.95000 0.65000 0.62875 110.00000 
1.95000 0.70000 0.64269 110.00000 
1.95000 0.75000 0.65664 110.00000 
1.95000 0.80000 0.67053 110.00000 
1.95000 0.85000 0.68428 110.00000 
1.95000 0.90000 0.69781 110.00000 
1.95000 0.95000 0.71098 110.00000 
1.95000 1.00000 0.72366 110.00000 
1.95000 1.05000 0.72366 0.46273 
1.95000 1.10000 0.72366 0.46273 
1.95000 1.15000 0.72366 0.46273 
1.95000 1.20000 0.72366 0.46273 
1.95000 1.25000 0.72366 0.46273 
1.95000 1.30000 0.72366 0.46273 
1.95000 1.35000 0.72366 0.46273 
1.95000 1.40000 0.72366 0.46273 
1.95000 1.45000 0.72366 0.46273 
1.95000 1.50000 0.72366 0.46273 
1.95000 1.55000 0.72366 0.46273 
1.95000 1.60000 0.72366 0.46273 
1.95000 1.65000 0.72236 29.16956 
1.95000 1.70000 0.72054 32.88774 
1.95000 1.75000 0.71833 34.76019 
1.95000 1.80000 0.71579 36.06735 
1.95000 1.85000 0.71295 36.40175 
1.95000 1.90000 0.70984 36.40175 
1.95000 1.95000 0.70650 36.06735 
1.95000 2.00000 0.70295 35.08247 
2.00000 0.00000 0.45631 0.25872 
2.00000 0.05000 0.46883 110.00000 
2.00000 0.10000 0.48115 110.00000 
2.00000 0.15000 0.49359 110.00000 
2.00000 0.20000 0.50613 110.00000 
2.00000 0.25000 0.51879 110.00000 
2.00000 0.30000 0.53157 110.00000 
2.00000 0.35000 0.54447 110.00000 
2.00000 0.40000 0.55748 110.00000 
2.00000 0.45000 0.57061 110.00000 
2.00000 0.50000 0.58385 110.00000 
2.00000 0.55000 0.59719 110.00000 
2.00000 0.60000 0.61062 110.00000 
2.00000 0.65000 0.62411 110.00000 
2.00000 0.70000 0.63763 110.00000 
2.00000 0.75000 0.65116 110.00000 
2.00000 0.80000 0.66463 110.00000 
2.00000 0.85000 0.67797 110.00000 
2.00000 0.90000 0.69111 110.00000 
2.00000 0.95000 0.70394 110.00000 
2.00000 1.00000 0.71632 110.00000 
2.00000 1.05000 0.71632 0.43781 
2.00000 1.10000 0.71632 0.43781 
2.00000 1.15000 0.71632 0.43781 
2.00000 1.20000 0.71632 0.43781 
2.00000 1.25000 0.71632 0.43781 
2.00000 1.30000 0.71632 0.43781 
2.00000 1.35000 0.71632 0.43781 
2.00000 1.40000 0.71632 0.43781 
2.00000 1.45000 0.71632 0.43781 
2.00000 1.50000 0.71632 0.43781 
2.00000 1.55000 0.71632 0.43781 
2.00000 1.60000 0.71632 0.43781 
2.00000 1.65000 0.71622 19.98026 
2.00000 1.70000 0.71490 28.11239 
2.00000 1.75000 0.71314 31.40465 
2.00000 1.80000 0.71103 33.50041 
2.00000 1.85000 0.70860 34.44087 
2.00000 1.90000 0.70590 35.08247 
2.00000 1.95000 0.70295 35.08247 
2.00000 2.00000 0.69979 34.44087 
