0.00000 0.00000 0.21386 110.00000 
0.02500 0.02500 0.24581 33.50041 
0.05000 0.05000 0.26524 28.37304 
0.07500 0.07500 0.28221 26.11161 
0.10000 0.10000 0.29801 24.70504 
0.12500 0.12500 0.31317 24.03043 
0.15000 0.15000 0.32798 23.59095 
0.17500 0.17500 0.34262 23.37424 
0.20000 0.20000 0.35721 23.15951 
0.22500 0.22500 0.37186 23.37424 
0.25000 0.25000 0.38662 23.37424 
0.27500 0.27500 0.40158 23.59095 
0.30000 0.30000 0.41677 24.03043 
0.32500 0.32500 0.43227 24.47809 
0.35000 0.35000 0.44810 24.93409 
0.37500 0.37500 0.46433 25.39859 
0.40000 0.40000 0.48099 26.11161 
0.42500 0.42500 0.49814 26.84465 
0.45000 0.45000 0.51580 27.85414 
0.47500 0.47500 0.53403 28.90160 
0.50000 0.50000 0.55287 30.26648 
0.52500 0.52500 0.57234 31.69582 
0.55000 0.55000 0.59248 33.50041 
0.57500 0.57500 0.61332 35.73602 
0.60000 0.60000 0.63486 38.12083 
0.62500 0.62500 0.65709 41.42232 
0.65000 0.65000 0.67998 45.00975 
0.67500 0.67500 0.70350 49.81898 
0.70000 0.70000 0.72756 55.65331 
0.72500 0.72500 0.75203 63.32908 
0.75000 0.75000 0.77679 72.73165 
0.77500 0.77500 0.80165 86.67139 
0.80000 0.80000 0.82641 110.00000 
0.82500 0.82500 0.85088 110.00000 
0.85000 0.85000 0.87484 110.00000 
0.87500 0.87500 0.89812 110.00000 
0.90000 0.90000 1.00000 110.00000 
0.92500 0.92500 1.00000 110.00000 
0.95000 0.95000 1.00000 110.00000 
0.97500 0.97500 1.00000 110.00000 
1.00000 1.00000 1.00000 110.00000 
1.10000 1.10000 1.00000 110.00000 
1.20000 1.20000 0.88876 110.00000 
1.30000 1.30000 0.84959 110.00000 
1.40000 1.40000 0.81745 82.00261 
1.50000 1.50000 0.79058 64.50884 
1.60000 1.60000 0.76777 54.13360 
1.70000 1.70000 0.74816 47.13535 
1.80000 1.80000 0.73113 41.80637 
1.90000 1.90000 0.71620 38.12083 
2.00000 2.00000 0.70300 35.08247 
2.10000 2.10000 0.69126 32.88774 
2.20000 2.20000 0.68074 30.83031 
2.30000 2.30000 0.67126 29.16956 
2.40000 2.40000 0.66269 27.85414 
2.50000 2.50000 0.65489 26.84465 
2.60000 2.60000 0.64776 25.63407 
2.70000 2.70000 0.64123 24.93409 
2.80000 2.80000 0.63522 24.03043 
2.90000 2.90000 0.62967 23.37424 
3.00000 3.00000 0.62453 22.73597 
3.10000 3.10000 0.61976 22.32016 
3.20000 3.20000 0.61532 21.71068 
3.30000 3.30000 0.61117 21.31362 
3.40000 3.40000 0.60729 20.92383 
3.50000 3.50000 0.60366 20.54117 
3.60000 3.60000 0.60024 20.16551 
3.70000 3.70000 0.59703 19.79672 
3.80000 3.80000 0.59400 19.61486 
3.90000 3.90000 0.59113 19.25614 
4.00000 4.00000 0.58843 19.07924 
4.10000 4.10000 0.58586 18.90397 
4.20000 4.20000 0.58343 18.55825 
4.30000 4.30000 0.58112 18.38777 
4.40000 4.40000 0.57892 18.21885 
4.50000 4.50000 0.57683 18.05149 
4.60000 4.60000 0.57484 17.88566 
4.70000 4.70000 0.57293 17.72136 
4.80000 4.80000 0.57111 17.55856 
4.90000 4.90000 0.56937 17.39726 
5.00000 5.00000 0.56771 17.23745 
5.10000 5.10000 0.56611 17.07910 
5.20000 5.20000 0.56458 17.07910 
5.30000 5.30000 0.56311 16.92220 
5.40000 5.40000 0.56170 16.76675 
5.50000 5.50000 0.56034 16.61273 
5.60000 5.60000 0.55904 16.61273 
5.70000 5.70000 0.55778 16.46012 
5.80000 5.80000 0.55657 16.46012 
5.90000 5.90000 0.55540 16.30891 
6.00000 6.00000 0.55427 16.15909 
6.10000 6.10000 0.55319 16.15909 
6.20000 6.20000 0.55213 16.01064 
6.30000 6.30000 0.55112 16.01064 
6.40000 6.40000 0.55014 15.86357 
6.50000 6.50000 0.54919 15.86357 
6.60000 6.60000 0.54826 15.71784 
6.70000 6.70000 0.54737 15.71784 
6.80000 6.80000 0.54651 15.71784 
6.90000 6.90000 0.54567 15.57345 
7.00000 7.00000 0.54486 15.57345 
7.10000 7.10000 0.54407 15.43038 
7.20000 7.20000 0.54330 15.43038 
7.30000 7.30000 0.54256 15.43038 
7.40000 7.40000 0.54184 15.28864 
7.50000 7.50000 0.54113 15.28864 
7.60000 7.60000 0.54045 15.28864 
7.70000 7.70000 0.53978 15.14819 
7.80000 7.80000 0.53914 15.14819 
7.90000 7.90000 0.53851 15.14819 
8.00000 8.00000 0.53789 15.00903 
8.10000 8.10000 0.53729 15.00903 
8.20000 8.20000 0.53671 15.00903 
8.30000 8.30000 0.53614 14.87115 
8.40000 8.40000 0.53559 14.87115 
8.50000 8.50000 0.53505 14.87115 
8.60000 8.60000 0.53452 14.87115 
8.70000 8.70000 0.53400 14.73454 
8.80000 8.80000 0.53350 14.73454 
8.90000 8.90000 0.53301 14.73454 
9.00000 9.00000 0.53253 14.73454 
9.10000 9.10000 0.53206 14.59919 
9.20000 9.20000 0.53160 14.59919 
9.30000 9.30000 0.53115 14.59919 
9.40000 9.40000 0.53072 14.59919 
9.50000 9.50000 0.53029 14.59919 
9.60000 9.60000 0.52987 14.46507 
9.70000 9.70000 0.52946 14.46507 
9.80000 9.80000 0.52906 14.46507 
9.90000 9.90000 0.52866 14.46507 
10.00000 10.00000 0.52828 14.46507 
